"Identifier","CompoundName","MonoisotopicMass","MolecularFormula","SMILES","InChI","InChIKey"
6034,"4-aminopropiophenone",149.084061,"C9H11NO","CCC(=O)c1ccc(cc1)N","InChI=1S/C9H11NO/c1-2-9(11)7-3-5-8(10)6-4-7/h3-6H,2,10H2,1H3","FSWXOANXOQPCFF-UHFFFAOYSA-N"
7199,"Para-Dimethylaminobenzaldehyde",149.084061,"C9H11NO","CN(C)c1ccc(cc1)C=O","InChI=1S/C9H11NO/c1-10(2)9-5-3-8(7-11)4-6-9/h3-7H,1-2H3","BGNGWHSBYQYVRX-UHFFFAOYSA-N"
7343,"Benzylacetamide",149.084061,"C9H11NO","c1ccc(cc1)CCC(=O)N","InChI=1S/C9H11NO/c10-9(11)7-6-8-4-2-1-3-5-8/h1-5H,6-7H2,(H2,10,11)","VYIBCOSBNVFEIW-UHFFFAOYSA-N"
10886,"N-METHYLACETANILIDE",149.084061,"C9H11NO","CC(=O)N(C)c1ccccc1","InChI=1S/C9H11NO/c1-8(11)10(2)9-6-4-3-5-7-9/h3-7H,1-2H3","LMTGCJANOQOGPI-UHFFFAOYSA-N"
11016,"N-Benzylacetamide",149.084061,"C9H11NO","CC(=O)NCc1ccccc1","InChI=1S/C9H11NO/c1-8(11)10-7-9-5-3-2-4-6-9/h2-6H,7H2,1H3,(H,10,11)","UZJLYRRDVFWSGA-UHFFFAOYSA-N"
11422,"1N1&VR",149.084061,"C9H11NO","CN(C)C(=O)c1ccccc1","InChI=1S/C9H11NO/c1-10(2)9(11)8-6-4-3-5-7-8/h3-7H,1-2H3","IMNDHOCGZLYMRO-UHFFFAOYSA-N"
11465,"N-Ethylbenzamide",149.084061,"C9H11NO","CCNC(=O)c1ccccc1","InChI=1S/C9H11NO/c1-2-10-9(11)8-6-4-3-5-7-8/h3-7H,2H2,1H3,(H,10,11)","SDIDYFBTIZOPLA-UHFFFAOYSA-N"
11610,"N-Phenylpropanamide",149.084061,"C9H11NO","CCC(=O)Nc1ccccc1","InChI=1S/C9H11NO/c1-2-9(11)10-8-6-4-3-5-7-8/h3-7H,2H2,1H3,(H,10,11)","ZTHRQJQJODGZHV-UHFFFAOYSA-N"
14795,"1-(4-Pyridinyl)-1-butanone",149.084061,"C9H11NO","CCCC(=O)c1ccncc1","InChI=1S/C9H11NO/c1-2-3-9(11)8-4-6-10-7-5-8/h4-7H,2-3H2,1H3","FHHKAXDNIISDHM-UHFFFAOYSA-N"
20447,"3,4-DIMETHYLBENZAMIDE",149.084061,"C9H11NO","Cc1ccc(cc1C)C(=O)N","InChI=1S/C9H11NO/c1-6-3-4-8(9(10)11)5-7(6)2/h3-5H,1-2H3,(H2,10,11)","INGCXEIJXKQPJH-UHFFFAOYSA-N"
24872,"1,2,3,4-Tetrahydro-6-isoquinolinol",149.084061,"C9H11NO","c1cc2c(cc1O)CCNC2","InChI=1S/C9H11NO/c11-9-2-1-8-6-10-4-3-7(8)5-9/h1-2,5,10-11H,3-4,6H2","SCMZIFSYPJICCV-UHFFFAOYSA-N"
27788,"C-(2,3-Dihydro-benzofuran-2-yl)-methylamine",149.084061,"C9H11NO","c1ccc2c(c1)CC(O2)CN","InChI=1S/C9H11NO/c10-6-8-5-7-3-1-2-4-9(7)11-8/h1-4,8H,5-6,10H2","ASPSZCAHOMXPBE-UHFFFAOYSA-N"
31588,"3-Dimethylaminobenzaldehyde",149.084061,"C9H11NO","CN(C)c1cccc(c1)C=O","InChI=1S/C9H11NO/c1-10(2)9-5-3-4-8(6-9)7-11/h3-7H,1-2H3","WUJQTKBVPNTQLU-UHFFFAOYSA-N"
56062,"S-(-)-Cathinone",149.084061,"C9H11NO","C[C@@H](C(=O)c1ccccc1)N","InChI=1S/C9H11NO/c1-7(10)9(11)8-5-3-2-4-6-8/h2-7H,10H2,1H3/t7-/m0/s1","PUAQLLVFLMYYJJ-ZETCQYMHSA-N"
67662,"N,2-Dimethylbenzamide",149.084061,"C9H11NO","Cc1ccccc1C(=O)NC","InChI=1S/C9H11NO/c1-7-5-3-4-6-8(7)9(11)10-2/h3-6H,1-2H3,(H,10,11)","OABGZRFNYNFHCS-UHFFFAOYSA-N"
68460,"N-Methyl-N-(4-methylphenyl)formamide",149.084061,"C9H11NO","Cc1ccc(cc1)N(C)C=O","InChI=1S/C9H11NO/c1-8-3-5-9(6-4-8)10(2)7-11/h3-7H,1-2H3","MQMOWSBDSHOJAV-UHFFFAOYSA-N"
69348,"1,2,3,4-Tetrahydro-6-quinolinol",149.084061,"C9H11NO","c1cc2c(cc1O)CCCN2","InChI=1S/C9H11NO/c11-8-3-4-9-7(6-8)2-1-5-10-9/h3-4,6,10-11H,1-2,5H2","CTJSPUFGQNVJJP-UHFFFAOYSA-N"
71575,"Ethyl benzenecarboximidate",149.084061,"C9H11NO","[H]/N=C(/c1ccccc1)\OCC","InChI=1S/C9H11NO/c1-2-11-9(10)8-6-4-3-5-7-8/h3-7,10H,2H2,1H3","CQBWPUJYGMSGDU-UHFFFAOYSA-N"
71892,"N-Ethylformanilide",149.084061,"C9H11NO","CCN(C=O)c1ccccc1","InChI=1S/C9H11NO/c1-2-10(8-11)9-6-4-3-5-7-9/h3-8H,2H2,1H3","GBDYFPAHVXJQEP-UHFFFAOYSA-N"
73329,"N-Methyl-2-phenylacetamide",149.084061,"C9H11NO","CNC(=O)Cc1ccccc1","InChI=1S/C9H11NO/c1-10-9(11)7-8-5-3-2-4-6-8/h2-6H,7H2,1H3,(H,10,11)","RKEXPBCMGJAOLM-UHFFFAOYSA-N"
77383,"2-Amino-1-indanol",149.084061,"C9H11NO","c1ccc2c(c1)CC(C2O)N","InChI=1S/C9H11NO/c10-8-5-6-3-1-2-4-7(6)9(8)11/h1-4,8-9,11H,5,10H2","HRWCWYGWEVVDLT-UHFFFAOYSA-N"
83385,"N-(2,4-DIMETHYLPHENYL)FORMAMIDE",149.084061,"C9H11NO","Cc1ccc(c(c1)C)NC=O","InChI=1S/C9H11NO/c1-7-3-4-9(10-6-11)8(2)5-7/h3-6H,1-2H3,(H,10,11)","JOFDPSBOUCXJCC-UHFFFAOYSA-N"
84818,"1,2,3,4-Tetrahydro-7-quinolinol",149.084061,"C9H11NO","c1cc2c(cc1O)NCCC2","InChI=1S/C9H11NO/c11-8-4-3-7-2-1-5-10-9(7)6-8/h3-4,6,10-11H,1-2,5H2","HJJRGZMJZDSMDB-UHFFFAOYSA-N"
88160,"2-(Benzylideneamino)ethanol",149.084061,"C9H11NO","c1ccc(cc1)/C=N/CCO","InChI=1S/C9H11NO/c11-7-6-10-8-9-4-2-1-3-5-9/h1-5,8,11H,6-7H2/b10-8+","ALUFITGOFDIAAA-CSKARUKUSA-N"
88377,"N-Formylphenylethylamine",149.084061,"C9H11NO","CC(c1ccccc1)NC=O","InChI=1S/C9H11NO/c1-8(10-7-11)9-5-3-2-4-6-9/h2-8H,1H3,(H,10,11)","CDHCCWRMWKZBGE-UHFFFAOYSA-N"
88478,"N-Hydroxy-2-phenyl-1-propanimine",149.084061,"C9H11NO","CC(C=NO)c1ccccc1","InChI=1S/C9H11NO/c1-8(7-10-11)9-5-3-2-4-6-9/h2-8,11H,1H3","SETWHVMVMWYJQA-UHFFFAOYSA-N"
91326,"2-Methyl-1-(2-pyridinyl)-1-propanone",149.084061,"C9H11NO","CC(C)C(=O)c1ccccn1","InChI=1S/C9H11NO/c1-7(2)9(11)8-5-3-4-6-10-8/h3-7H,1-2H3","OPPJOYDMQXHCFS-UHFFFAOYSA-N"
96940,"a-Aminopropiophenone",149.084061,"C9H11NO","CC(C(=O)c1ccccc1)N","InChI=1S/C9H11NO/c1-7(10)9(11)8-5-3-2-4-6-8/h2-7H,10H2,1H3","PUAQLLVFLMYYJJ-UHFFFAOYSA-N"
99823,"Ethyl phenylimidoformate",149.084061,"C9H11NO","CCO/C=N/c1ccccc1","InChI=1S/C9H11NO/c1-2-11-8-10-9-6-4-3-5-7-9/h3-8H,2H2,1H3/b10-8+","DRDBNKYFCOLNQO-CSKARUKUSA-N"
109297,"3-Methyl-3,4-dihydro-2H-1,3-benzoxazine",149.084061,"C9H11NO","CN1Cc2ccccc2OC1","InChI=1S/C9H11NO/c1-10-6-8-4-2-3-5-9(8)11-7-10/h2-5H,6-7H2,1H3","ZZLHZRRZJWMQOL-UHFFFAOYSA-N"
110742,"(2-Nitrosopropyl)benzene",149.084061,"C9H11NO","CC(Cc1ccccc1)N=O","InChI=1S/C9H11NO/c1-8(10-11)7-9-5-3-2-4-6-9/h2-6,8H,7H2,1H3","JNWJQOCPCZKSQI-UHFFFAOYSA-N"
120178,"2,6-Dimethylbenzamide",149.084061,"C9H11NO","Cc1cccc(c1C(=O)N)C","InChI=1S/C9H11NO/c1-6-4-3-5-7(2)8(6)9(10)11/h3-5H,1-2H3,(H2,10,11)","NXDXMSTXCYCUGG-UHFFFAOYSA-N"
120650,"(E)-1-(2-Methoxyphenyl)-N-methylmethanimine",149.084061,"C9H11NO","C/N=C/c1ccccc1OC","InChI=1S/C9H11NO/c1-10-7-8-5-3-4-6-9(8)11-2/h3-7H,1-2H3/b10-7+","BKWMHLUBGZTQLW-JXMROGBWSA-N"
122626,"1-Amino-2-indanol",149.084061,"C9H11NO","c1ccc2c(c1)CC(C2N)O","InChI=1S/C9H11NO/c10-9-7-4-2-1-3-6(7)5-8(9)11/h1-4,8-9,11H,5,10H2","LOPKSXMQWBYUOI-UHFFFAOYSA-N"
123802,"N-Methyl-p-toluamide",149.084061,"C9H11NO","Cc1ccc(cc1)C(=O)NC","InChI=1S/C9H11NO/c1-7-3-5-8(6-4-7)9(11)10-2/h3-6H,1-2H3,(H,10,11)","FZIOOTTWDRFBKU-UHFFFAOYSA-N"
124368,"N-(2-Phenylethyl)formamide",149.084061,"C9H11NO","c1ccc(cc1)CCNC=O","InChI=1S/C9H11NO/c11-8-10-7-6-9-4-2-1-3-5-9/h1-5,8H,6-7H2,(H,10,11)","NOOOMJZHMKSKBF-UHFFFAOYSA-N"
132038,"(2R)-2-Amino-1-phenyl-1-propanone",149.084061,"C9H11NO","C[C@H](C(=O)c1ccccc1)N","InChI=1S/C9H11NO/c1-7(10)9(11)8-5-3-2-4-6-8/h2-7H,10H2,1H3/t7-/m1/s1","PUAQLLVFLMYYJJ-SSDOTTSWSA-N"
156349,"1-(2-Amino-3-methylphenyl)ethanone",149.084061,"C9H11NO","Cc1cccc(c1N)C(=O)C","InChI=1S/C9H11NO/c1-6-4-3-5-8(7(2)11)9(6)10/h3-5H,10H2,1-2H3","SIAKXVRAWQIXRD-UHFFFAOYSA-N"
164061,"N-(2,3-Dimethylphenyl)formamide",149.084061,"C9H11NO","Cc1cccc(c1C)NC=O","InChI=1S/C9H11NO/c1-7-4-3-5-9(8(7)2)10-6-11/h3-6H,1-2H3,(H,10,11)","GARAALUHNGEEAO-UHFFFAOYSA-N"
167492,"phenyl n-methylacetimidate",149.084061,"C9H11NO","C/C(=N\C)/Oc1ccccc1","InChI=1S/C9H11NO/c1-8(10-2)11-9-6-4-3-5-7-9/h3-7H,1-2H3/b10-8+","HIZIUOZOZUJSBQ-CSKARUKUSA-N"
178226,"3-Chromanamine",149.084061,"C9H11NO","c1ccc2c(c1)CC(CO2)N","InChI=1S/C9H11NO/c10-8-5-7-3-1-2-4-9(7)11-6-8/h1-4,8H,5-6,10H2","SVWDNDQOXZHBRM-UHFFFAOYSA-N"
194092,"Hydratropamide",149.084061,"C9H11NO","CC(c1ccccc1)C(=O)N","InChI=1S/C9H11NO/c1-7(9(10)11)8-5-3-2-4-6-8/h2-7H,1H3,(H2,10,11)","DOZZSWAOPDYVLH-UHFFFAOYSA-N"
208123,"1-(4-Pyridinyl)-2-butanone",149.084061,"C9H11NO","CCC(=O)Cc1ccncc1","InChI=1S/C9H11NO/c1-2-9(11)7-8-3-5-10-6-4-8/h3-6H,2,7H2,1H3","FBLVQXITSLUNLI-UHFFFAOYSA-N"
208124,"3-(2-Pyridinyl)-2-butanone",149.084061,"C9H11NO","CC(c1ccccn1)C(=O)C","InChI=1S/C9H11NO/c1-7(8(2)11)9-5-3-4-6-10-9/h3-7H,1-2H3","KOWMEZQUWWKOIV-UHFFFAOYSA-N"
208245,"1-(3-Pyridinyl)-2-butanone",149.084061,"C9H11NO","CCC(=O)Cc1cccnc1","InChI=1S/C9H11NO/c1-2-9(11)6-8-4-3-5-10-7-8/h3-5,7H,2,6H2,1H3","WMTHSBOLQVKBQL-UHFFFAOYSA-N"
208324,"1-(2-Pyridinyl)-2-butanone",149.084061,"C9H11NO","CCC(=O)Cc1ccccn1","InChI=1S/C9H11NO/c1-2-9(11)7-8-5-3-4-6-10-8/h3-6H,2,7H2,1H3","YUNKBRZOUZPKPL-UHFFFAOYSA-N"
211065,"1,2,3,4-Tetrahydro-8-quinolinol",149.084061,"C9H11NO","c1cc2c(c(c1)O)NCCC2","InChI=1S/C9H11NO/c11-8-5-1-3-7-4-2-6-10-9(7)8/h1,3,5,10-11H,2,4,6H2","WYKWUPMZBGOFOV-UHFFFAOYSA-N"
211173,"N-(3,4-Dimethylphenyl)formamide",149.084061,"C9H11NO","Cc1ccc(cc1C)NC=O","InChI=1S/C9H11NO/c1-7-3-4-9(10-6-11)5-8(7)2/h3-6H,1-2H3,(H,10,11)","HTZTYVPIUUJGKI-UHFFFAOYSA-N"
212098,"2-(4-Methylphenyl)acetamide",149.084061,"C9H11NO","Cc1ccc(cc1)CC(=O)N","InChI=1S/C9H11NO/c1-7-2-4-8(5-3-7)6-9(10)11/h2-5H,6H2,1H3,(H2,10,11)","NMQPIBPZSLMCFI-UHFFFAOYSA-N"
212970,"N-(2-Ethylphenyl)formamide",149.084061,"C9H11NO","CCc1ccccc1NC=O","InChI=1S/C9H11NO/c1-2-8-5-3-4-6-9(8)10-7-11/h3-7H,2H2,1H3,(H,10,11)","VKHKSOMMWYPNGI-UHFFFAOYSA-N"
226322,"3-Ethylbenzamide",149.084061,"C9H11NO","CCc1cccc(c1)C(=O)N","InChI=1S/C9H11NO/c1-2-7-4-3-5-8(6-7)9(10)11/h3-6H,2H2,1H3,(H2,10,11)","MVGMZFRPBRUJAQ-UHFFFAOYSA-N"
226396,"2-Allyl-4-aminophenol",149.084061,"C9H11NO","C=CCc1cc(ccc1O)N","InChI=1S/C9H11NO/c1-2-3-7-6-8(10)4-5-9(7)11/h2,4-6,11H,1,3,10H2","SGOSWUFBTCZVMV-UHFFFAOYSA-N"
232041,"5,6,7,8-tetrahydroquinolin-2-ol",149.084061,"C9H11NO","c1cc(=O)[nH]c2c1CCCC2","InChI=1S/C9H11NO/c11-9-6-5-7-3-1-2-4-8(7)10-9/h5-6H,1-4H2,(H,10,11)","SGKURJURKCHGJG-UHFFFAOYSA-N"
246771,"1-Methyl-1,5,6,7-tetrahydro-4H-indol-4-one",149.084061,"C9H11NO","Cn1ccc2c1CCCC2=O","InChI=1S/C9H11NO/c1-10-6-5-7-8(10)3-2-4-9(7)11/h5-6H,2-4H2,1H3","DZQFXLPORSTNMP-UHFFFAOYSA-N"
253121,"n-(4-methoxybenzylidene)methanamine",149.084061,"C9H11NO","C/N=C/c1ccc(cc1)OC","InChI=1S/C9H11NO/c1-10-7-8-3-5-9(11-2)6-4-8/h3-7H,1-2H3/b10-7+","LWWBBDFBZJCKHQ-JXMROGBWSA-N"
253405,"1,2,3,4-Tetrahydro-4-quinolinol",149.084061,"C9H11NO","c1ccc2c(c1)C(CCN2)O","InChI=1S/C9H11NO/c11-9-5-6-10-8-4-2-1-3-7(8)9/h1-4,9-11H,5-6H2","RYPZGQVVZOCWGK-UHFFFAOYSA-N"
255148,"4-Methyl-1,5,6,7-tetrahydro-2H-cyclopenta[b]pyridin-2-one",149.084061,"C9H11NO","Cc1cc(=O)[nH]c2c1CCC2","InChI=1S/C9H11NO/c1-6-5-9(11)10-8-4-2-3-7(6)8/h5H,2-4H2,1H3,(H,10,11)","HFLWTMZFPBSEFU-UHFFFAOYSA-N"
259948,"Aminopropiophenone",149.084061,"C9H11NO","CCC(=O)c1ccccc1N","InChI=1S/C9H11NO/c1-2-9(11)7-5-3-4-6-8(7)10/h3-6H,2,10H2,1H3","ISWMPZKCFGUBPJ-UHFFFAOYSA-N"
282842,"3,5-Dimethylbenzamide",149.084061,"C9H11NO","Cc1cc(cc(c1)C(=O)N)C","InChI=1S/C9H11NO/c1-6-3-7(2)5-8(4-6)9(10)11/h3-5H,1-2H3,(H2,10,11)","ZGPFNDFPSMUWJJ-UHFFFAOYSA-N"
302046,"3-(2-Propyn-1-ylamino)-2-cyclohexen-1-one",149.084061,"C9H11NO","C#CCNC1=CC(=O)CCC1","InChI=1S/C9H11NO/c1-2-6-10-8-4-3-5-9(11)7-8/h1,7,10H,3-6H2","GGODZQSWRORHOH-UHFFFAOYSA-N"
303977,"1-(3-Amino-4-methylphenyl)ethanone",149.084061,"C9H11NO","Cc1ccc(cc1N)C(=O)C","InChI=1S/C9H11NO/c1-6-3-4-8(7(2)11)5-9(6)10/h3-5H,10H2,1-2H3","MCQYTLIHRDCHHT-UHFFFAOYSA-N"
306757,"2',6'-Dimethylformanilide",149.084061,"C9H11NO","Cc1cccc(c1NC=O)C","InChI=1S/C9H11NO/c1-7-4-3-5-8(2)9(7)10-6-11/h3-6H,1-2H3,(H,10,11)","AJLHOOOTXXVJCZ-UHFFFAOYSA-N"
307957,"2-Phenyl-1,3-oxazolidine",149.084061,"C9H11NO","c1ccc(cc1)C2NCCO2","InChI=1S/C9H11NO/c1-2-4-8(5-3-1)9-10-6-7-11-9/h1-5,9-10H,6-7H2","SZFHAHACWVROGM-UHFFFAOYSA-N"
308534,"N-(2,5-Dimethylphenyl)formamide",149.084061,"C9H11NO","Cc1ccc(c(c1)NC=O)C","InChI=1S/C9H11NO/c1-7-3-4-8(2)9(5-7)10-6-11/h3-6H,1-2H3,(H,10,11)","MVFXOAIGZVRARG-UHFFFAOYSA-N"
308800,"N-Hydroxy-1-phenyl-1-propanimine",149.084061,"C9H11NO","CCC(=NO)c1ccccc1","InChI=1S/C9H11NO/c1-2-9(10-11)8-6-4-3-5-7-8/h3-7,11H,2H2,1H3","MDLJMYBJBOYUNJ-UHFFFAOYSA-N"
319028,"2,3,3a,6,7,7a-Hexahydro-1-benzofuran-5-carbonitrile",149.084061,"C9H11NO","C1CC(=CC2C1OCC2)C#N","InChI=1S/C9H11NO/c10-6-7-1-2-9-8(5-7)3-4-11-9/h5,8-9H,1-4H2","MCQBEDZPMBOPON-UHFFFAOYSA-N"
361539,"3-Amino-1-phenyl-1-propanone",149.084061,"C9H11NO","c1ccc(cc1)C(=O)CCN","InChI=1S/C9H11NO/c10-7-6-9(11)8-4-2-1-3-5-8/h1-5H,6-7,10H2","HGZXQCCQZLSOPP-UHFFFAOYSA-N"
362810,"2-Amino-1-(4-methylphenyl)ethanone",149.084061,"C9H11NO","Cc1ccc(cc1)C(=O)CN","InChI=1S/C9H11NO/c1-7-2-4-8(5-3-7)9(11)6-10/h2-5H,6,10H2,1H3","FUFAHIJREMQVPV-UHFFFAOYSA-N"
367056,"2-Amino-1-(2-methylphenyl)ethanone",149.084061,"C9H11NO","Cc1ccccc1C(=O)CN","InChI=1S/C9H11NO/c1-7-4-2-3-5-8(7)9(11)6-10/h2-5H,6,10H2,1H3","HEAIZFPQCTWHRG-UHFFFAOYSA-N"
368424,"2-(Methylamino)-1-phenylethanone",149.084061,"C9H11NO","CNCC(=O)c1ccccc1","InChI=1S/C9H11NO/c1-10-7-9(11)8-5-3-2-4-6-8/h2-6,10H,7H2,1H3","VVFCJVLORNFVHI-UHFFFAOYSA-N"
371161,"1,2,3,4-Tetrahydro-7-isoquinolinol",149.084061,"C9H11NO","c1cc2c(cc1O)CNCC2","InChI=1S/C9H11NO/c11-9-2-1-7-3-4-10-6-8(7)5-9/h1-2,5,10-11H,3-4,6H2","RADQTHXRZJGDQI-UHFFFAOYSA-N"
393626,"(2S)-2-Amino-3-phenylpropanal",149.084061,"C9H11NO","c1ccc(cc1)C[C@@H](C=O)N","InChI=1S/C9H11NO/c10-9(7-11)6-8-4-2-1-3-5-8/h1-5,7,9H,6,10H2/t9-/m0/s1","CQIUZHAQYHXKRY-VIFPVBQESA-N"
404169,"3-(Allyloxy)aniline",149.084061,"C9H11NO","C=CCOc1cccc(c1)N","InChI=1S/C9H11NO/c1-2-6-11-9-5-3-4-8(10)7-9/h2-5,7H,1,6,10H2","HQZRFXBFXJEYID-UHFFFAOYSA-N"
404405,"1-(3-Pyridyl)-1-butanone",149.084061,"C9H11NO","CCCC(=O)c1cccnc1","InChI=1S/C9H11NO/c1-2-4-9(11)8-5-3-6-10-7-8/h3,5-7H,2,4H2,1H3","JORUAYHMUWRFNM-UHFFFAOYSA-N"
452376,"2,4,6-Trimethylnitrosobenzene",149.084061,"C9H11NO","Cc1cc(c(c(c1)C)N=O)C","InChI=1S/C9H11NO/c1-6-4-7(2)9(10-11)8(3)5-6/h4-5H,1-3H3","FEKDDEQYKDNKJG-UHFFFAOYSA-N"
459025,"5-acetyl-2,3-dihydro-1H-pyrrolizine",149.084061,"C9H11NO","CC(=O)c1ccc2n1CCC2","InChI=1S/C9H11NO/c1-7(11)9-5-4-8-3-2-6-10(8)9/h4-5H,2-3,6H2,1H3","NWSCEJHRUVCUSX-UHFFFAOYSA-N"
483670,"1-(2-Pyridinyl)-1-butanone",149.084061,"C9H11NO","CCCC(=O)c1ccccn1","InChI=1S/C9H11NO/c1-2-5-9(11)8-6-3-4-7-10-8/h3-4,6-7H,2,5H2,1H3","IWVHZRXWFIWOMH-UHFFFAOYSA-N"
496352,"7-Methyl-1,3,5-cycloheptatriene-1-carboxamide",149.084061,"C9H11NO","CC1C=CC=CC=C1C(=O)N","InChI=1S/C9H11NO/c1-7-5-3-2-4-6-8(7)9(10)11/h2-7H,1H3,(H2,10,11)","CTLSJRWCYTVKGP-UHFFFAOYSA-N"
497171,"N-(4-Ethylphenyl)formamide",149.084061,"C9H11NO","CCc1ccc(cc1)NC=O","InChI=1S/C9H11NO/c1-2-8-3-5-9(6-4-8)10-7-11/h3-7H,2H2,1H3,(H,10,11)","UWAZUCKVQRETQV-UHFFFAOYSA-N"
497308,"1-(6-Methyl-2-pyridinyl)acetone",149.084061,"C9H11NO","Cc1cccc(n1)CC(=O)C","InChI=1S/C9H11NO/c1-7-4-3-5-9(10-7)6-8(2)11/h3-5H,6H2,1-2H3","ZGJVNUQJPHXFMN-UHFFFAOYSA-N"
502241,"2,3,4,5-Tetrahydro-1,5-benzoxazepine",149.084061,"C9H11NO","c1ccc2c(c1)NCCCO2","InChI=1S/C9H11NO/c1-2-5-9-8(4-1)10-6-3-7-11-9/h1-2,4-5,10H,3,6-7H2","HYLJXJSMGIOVIK-UHFFFAOYSA-N"
507122,"4-(2-Aminocyclopropyl)phenol",149.084061,"C9H11NO","c1cc(ccc1C2CC2N)O","InChI=1S/C9H11NO/c10-9-5-8(9)6-1-3-7(11)4-2-6/h1-4,8-9,11H,5,10H2","HADIWKXZWHXEDX-UHFFFAOYSA-N"
564151,"6-Methyl-3,4-dihydro-2H-1,4-benzoxazine",149.084061,"C9H11NO","Cc1ccc2c(c1)NCCO2","InChI=1S/C9H11NO/c1-7-2-3-9-8(6-7)10-4-5-11-9/h2-3,6,10H,4-5H2,1H3","VKWQSTIJYWQSAL-UHFFFAOYSA-N"
644837,"N-Methyl-N-[(Z)-(4-methylphenyl)methylene]amine oxide",149.084061,"C9H11NO","Cc1ccc(cc1)/C=[N+](/C)\[O-]","InChI=1S/C9H11NO/c1-8-3-5-9(6-4-8)7-10(2)11/h3-7H,1-2H3/b10-7-","QZJWIZSRELSJQP-YFHOEESVSA-N"
807253,"2,5-Dimethylbenzamide",149.084061,"C9H11NO","Cc1ccc(c(c1)C(=O)N)C","InChI=1S/C9H11NO/c1-6-3-4-7(2)8(5-6)9(10)11/h3-5H,1-2H3,(H2,10,11)","GOEASVSGVVOTLQ-UHFFFAOYSA-N"
836965,"N,3-Dimethylbenzamide",149.084061,"C9H11NO","Cc1cccc(c1)C(=O)NC","InChI=1S/C9H11NO/c1-7-4-3-5-8(6-7)9(11)10-2/h3-6H,1-2H3,(H,10,11)","WKSODUAHKWBHQZ-UHFFFAOYSA-N"
1293994,"N-(2-Furylmethyl)-2-butyn-1-amine",149.084061,"C9H11NO","CC#CCNCc1ccco1","InChI=1S/C9H11NO/c1-2-3-6-10-8-9-5-4-7-11-9/h4-5,7,10H,6,8H2,1H3","FDSMZPGOONNAFI-UHFFFAOYSA-N"
2007154,"(1R,2S)-1-Amino-2-indanol",149.084061,"C9H11NO","c1ccc2c(c1)C[C@@H]([C@@H]2N)O","InChI=1S/C9H11NO/c10-9-7-4-2-1-3-6(7)5-8(9)11/h1-4,8-9,11H,5,10H2/t8-,9+/m0/s1","LOPKSXMQWBYUOI-DTWKUNHWSA-N"
2017060,"1-(2,3-Dihydro-1-benzofuran-5-yl)methanamine",149.084061,"C9H11NO","c1cc2c(cc1CN)CCO2","InChI=1S/C9H11NO/c10-6-7-1-2-9-8(5-7)3-4-11-9/h1-2,5H,3-4,6,10H2","WQXWNTPLZFVZNX-UHFFFAOYSA-N"
2044443,"3-Methyl-3,4-dihydro-2H-1,4-benzoxazine",149.084061,"C9H11NO","CC1COc2ccccc2N1","InChI=1S/C9H11NO/c1-7-6-11-9-5-3-2-4-8(9)10-7/h2-5,7,10H,6H2,1H3","BSDVKBWLRCKPFB-UHFFFAOYSA-N"
2050156,"(Benzylamino)acetaldehyde",149.084061,"C9H11NO","c1ccc(cc1)CNCC=O","InChI=1S/C9H11NO/c11-7-6-10-8-9-4-2-1-3-5-9/h1-5,7,10H,6,8H2","ONGYYRQSCJYQHL-UHFFFAOYSA-N"
2058394,"5,6,7,8-Tetrahydroquinoline 1-oxide",149.084061,"C9H11NO","c1cc2c([n+](c1)[O-])CCCC2","InChI=1S/C9H11NO/c11-10-7-3-5-8-4-1-2-6-9(8)10/h3,5,7H,1-2,4,6H2","FGGBJUOJAKQFRD-UHFFFAOYSA-N"
2061076,"3'-Aminopropiophenone",149.084061,"C9H11NO","CCC(=O)c1cccc(c1)N","InChI=1S/C9H11NO/c1-2-9(11)7-4-3-5-8(10)6-7/h3-6H,2,10H2,1H3","CGXJUBDTCAAXAY-UHFFFAOYSA-N"
2073556,"2,3-Dihydro-1H-indol-2-ylmethanol",149.084061,"C9H11NO","c1ccc2c(c1)CC(N2)CO","InChI=1S/C9H11NO/c11-6-8-5-7-3-1-2-4-9(7)10-8/h1-4,8,10-11H,5-6H2","GRPOFAKYHPAXNP-UHFFFAOYSA-N"
2079700,"Dimethylbenzamide",149.084061,"C9H11NO","Cc1cccc(c1C)C(=O)N","InChI=1S/C9H11NO/c1-6-4-3-5-8(7(6)2)9(10)11/h3-5H,1-2H3,(H2,10,11)","IZAYISYTIWLBNB-UHFFFAOYSA-N"
2308684,"1,2,3,4-Tetrahydro-5-quinolinol",149.084061,"C9H11NO","c1cc2c(c(c1)O)CCCN2","InChI=1S/C9H11NO/c11-9-5-1-4-8-7(9)3-2-6-10-8/h1,4-5,10-11H,2-3,6H2","AACROBBFQRNFHE-UHFFFAOYSA-N"
2548755,"PHENYLALANINAL",149.084061,"C9H11NO","c1ccc(cc1)CC(C=O)N","InChI=1S/C9H11NO/c10-9(7-11)6-8-4-2-1-3-5-8/h1-5,7,9H,6,10H2","CQIUZHAQYHXKRY-UHFFFAOYSA-N"
2984310,"4-Methyl-3,4-dihydro-2H-1,4-benzoxazine",149.084061,"C9H11NO","CN1CCOc2c1cccc2","InChI=1S/C9H11NO/c1-10-6-7-11-9-5-3-2-4-8(9)10/h2-5H,6-7H2,1H3","YJRQBOOMJGYUPI-UHFFFAOYSA-N"
3394993,"(E)-1-(3-Methoxyphenyl)-N-methylmethanimine",149.084061,"C9H11NO","C/N=C/c1cccc(c1)OC","InChI=1S/C9H11NO/c1-10-7-8-4-3-5-9(6-8)11-2/h3-7H,1-2H3/b10-7+","GMYWIOGIHDHYMK-JXMROGBWSA-N"
3403464,"3-(5-Hexen-2-yn-1-yloxy)propanenitrile",149.084061,"C9H11NO","C=CCC#CCOCCC#N","InChI=1S/C9H11NO/c1-2-3-4-5-8-11-9-6-7-10/h2H,1,3,6,8-9H2","DRVPQGUVJNUDLA-UHFFFAOYSA-N"
3560700,"4,5,6,7-Tetrahydro-3-methyl-4-oxoindole",149.084061,"C9H11NO","Cc1c[nH]c2c1C(=O)CCC2","InChI=1S/C9H11NO/c1-6-5-10-7-3-2-4-8(11)9(6)7/h5,10H,2-4H2,1H3","SNHVQHNXQVXZOU-UHFFFAOYSA-N"
3636905,"2-(2-Methyl-1-propen-1-yl)pyridine 1-oxide",149.084061,"C9H11NO","CC(=Cc1cccc[n+]1[O-])C","InChI=1S/C9H11NO/c1-8(2)7-9-5-3-4-6-10(9)11/h3-7H,1-2H3","IWFKPJORLIWBTM-UHFFFAOYSA-N"
3790635,"5,6,7,8-Tetrahydro-5-quinolinol",149.084061,"C9H11NO","c1cc2c(nc1)CCCC2O","InChI=1S/C9H11NO/c11-9-5-1-4-8-7(9)3-2-6-10-8/h2-3,6,9,11H,1,4-5H2","LANQCUHPUQHIAO-UHFFFAOYSA-N"
4143306,"4-Chromanamine",149.084061,"C9H11NO","c1ccc2c(c1)C(CCO2)N","InChI=1S/C9H11NO/c10-8-5-6-11-9-4-2-1-3-7(8)9/h1-4,8H,5-6,10H2","LCOFMNJNNXWKOC-UHFFFAOYSA-N"
4509777,"(1E)-N-Methoxy-1-phenylethanimine",149.084061,"C9H11NO","C/C(=N\OC)/c1ccccc1","InChI=1S/C9H11NO/c1-8(10-11-2)9-6-4-3-5-7-9/h3-7H,1-2H3/b10-8+","FRRKMGKUCIICOM-CSKARUKUSA-N"
4532589,"(1Z)-N-Hydroxy-1-(4-methylphenyl)ethanimine",149.084061,"C9H11NO","Cc1ccc(cc1)/C(=N\O)/C","InChI=1S/C9H11NO/c1-7-3-5-9(6-4-7)8(2)10-11/h3-6,11H,1-2H3/b10-8-","XAAUYUMBCPRWED-NTMALXAHSA-N"
4532596,"(1Z)-N-Hydroxy-1-phenyl-1-propanimine",149.084061,"C9H11NO","CC/C(=N/O)/c1ccccc1","InChI=1S/C9H11NO/c1-2-9(10-11)8-6-4-3-5-7-8/h3-7,11H,2H2,1H3/b10-9-","MDLJMYBJBOYUNJ-KTKRTIGZSA-N"
4588521,"1-(4-methylphenyl)ethanone oxime",149.084061,"C9H11NO","Cc1ccc(cc1)/C(=N/O)/C","InChI=1S/C9H11NO/c1-7-3-5-9(6-4-7)8(2)10-11/h3-6,11H,1-2H3/b10-8+","XAAUYUMBCPRWED-CSKARUKUSA-N"
4679403,"4-Pyridin-4-yl-but-3-en-2-ol",149.084061,"C9H11NO","CC(/C=C/c1ccncc1)O","InChI=1S/C9H11NO/c1-8(11)2-3-9-4-6-10-7-5-9/h2-8,11H,1H3/b3-2+","PTUMRDMEAMXLMC-NSCUHMNNSA-N"
4742095,"(3E)-4-(2-Pyridinyl)-3-buten-2-ol",149.084061,"C9H11NO","CC(/C=C/c1ccccn1)O","InChI=1S/C9H11NO/c1-8(11)5-6-9-4-2-3-7-10-9/h2-8,11H,1H3/b6-5+","ZNQLIHBCMOTDLX-AATRIKPKSA-N"
4744550,"1-Phenylpropanone oxime",149.084061,"C9H11NO","C/C(=N\O)/Cc1ccccc1","InChI=1S/C9H11NO/c1-8(10-11)7-9-5-3-2-4-6-9/h2-6,11H,7H2,1H3/b10-8+","AUYFJUMCPAMOKN-CSKARUKUSA-N"
4828162,"(1E)-N-Hydroxy-1-phenyl-1-propanimine",149.084061,"C9H11NO","O\N=C(\c1ccccc1)CC","InChI=1S/C9H11NO/c1-2-9(10-11)8-6-4-3-5-7-8/h3-7,11H,2H2,1H3/b10-9+","MDLJMYBJBOYUNJ-MDZDMXLPSA-N"
4932963,"6-Methoxyindoline",149.084061,"C9H11NO","COc1ccc2c(c1)NCC2","InChI=1S/C9H11NO/c1-11-8-3-2-7-4-5-10-9(7)6-8/h2-3,6,10H,4-5H2,1H3","GKFGHNMPMAXWQS-UHFFFAOYSA-N"
4934503,"5-Formyl-6-methyl-2,3-dihydro-1H-pyrrolizine",149.084061,"C9H11NO","Cc1cc2n(c1C=O)CCC2","InChI=1S/C9H11NO/c1-7-5-8-3-2-4-10(8)9(7)6-11/h5-6H,2-4H2,1H3","NWFQKPJYEJRQRI-UHFFFAOYSA-N"
4987077,"2-(Allyloxy)aniline",149.084061,"C9H11NO","C=CCOc1ccccc1N","InChI=1S/C9H11NO/c1-2-7-11-9-6-4-3-5-8(9)10/h2-6H,1,7,10H2","VPZRVYLJWAJQRE-UHFFFAOYSA-N"
5002440,"4,5,6,7-Tetrahydro-1H-indole-2-carbaldehyde",149.084061,"C9H11NO","c1c2c([nH]c1C=O)CCCC2","InChI=1S/C9H11NO/c11-6-8-5-7-3-1-2-4-9(7)10-8/h5-6,10H,1-4H2","OORNVNMZVOJKQR-UHFFFAOYSA-N"
5004630,"4-(Allyloxy)aniline",149.084061,"C9H11NO","C=CCOc1ccc(cc1)N","InChI=1S/C9H11NO/c1-2-7-11-9-5-3-8(10)4-6-9/h2-6H,1,7,10H2","HVOANTMNYBSIGH-UHFFFAOYSA-N"
5383572,"4-Ethylbenzamide",149.084061,"C9H11NO","CCC1=CC=C(C=C1)C(=O)N","InChI=1S/C9H11NO/c1-2-7-3-5-8(6-4-7)9(10)11/h3-6H,2H2,1H3,(H2,10,11)","YKFAFWKDOSYQIP-UHFFFAOYSA-N"
5417948,"(3S)-3-Methyl-3,4-dihydro-2H-1,4-benzoxazine",149.084061,"C9H11NO","O2c1ccccc1N[C@H](C2)C","InChI=1S/C9H11NO/c1-7-6-11-9-5-3-2-4-8(9)10-7/h2-5,7,10H,6H2,1H3/t7-/m0/s1","BSDVKBWLRCKPFB-ZETCQYMHSA-N"
5421018,"(4R)-4-Chromanamine",149.084061,"C9H11NO","C1COC2=CC=CC=C2[C@@H]1N","InChI=1S/C9H11NO/c10-8-5-6-11-9-4-2-1-3-7(8)9/h1-4,8H,5-6,10H2/t8-/m1/s1","LCOFMNJNNXWKOC-MRVPVSSYSA-N"
5421020,"(4S)-4-Chromanamine",149.084061,"C9H11NO","C1COC2=CC=CC=C2[C@H]1N","InChI=1S/C9H11NO/c10-8-5-6-11-9-4-2-1-3-7(8)9/h1-4,8H,5-6,10H2/t8-/m0/s1","LCOFMNJNNXWKOC-QMMMGPOBSA-N"
7850606,"2-Methyl-2-phenylacetaldehyde oxime",149.084061,"C9H11NO","O\N=C\C(c1ccccc1)C","InChI=1S/C9H11NO/c1-8(7-10-11)9-5-3-2-4-6-9/h2-8,11H,1H3/b10-7+","SETWHVMVMWYJQA-JXMROGBWSA-N"
7884273,"(1E)-N-Hydroxy-3-phenyl-1-propanimine",149.084061,"C9H11NO","C1=CC=C(C=C1)CC/C=N/O","InChI=1S/C9H11NO/c11-10-8-4-7-9-5-2-1-3-6-9/h1-3,5-6,8,11H,4,7H2/b10-8+","WSTRHGOVAOUOJW-CSKARUKUSA-N"
7925714,"(E)-1-(2,4-Dimethylphenyl)-N-hydroxymethanimine",149.084061,"C9H11NO","CC1=CC(=C(C=C1)/C=N/O)C","InChI=1S/C9H11NO/c1-7-3-4-9(6-10-11)8(2)5-7/h3-6,11H,1-2H3/b10-6+","ZXOXSHIAPHLSAV-UXBLZVDNSA-N"
7943837,"(E)-1-(2,6-Dimethylphenyl)-N-hydroxymethanimine",149.084061,"C9H11NO","N(/O)=C\c1c(cccc1C)C","InChI=1S/C9H11NO/c1-7-4-3-5-8(2)9(7)6-10-11/h3-6,11H,1-2H3/b10-6+","NCDRLKCHBVXWEL-UXBLZVDNSA-N"
7990973,"1,5,6,7-TETRAHYDRO-2-METHYL-4H-INDOL-4-ONE",149.084061,"C9H11NO","CC1=CC2=C(N1)CCCC2=O","InChI=1S/C9H11NO/c1-6-5-7-8(10-6)3-2-4-9(7)11/h5,10H,2-4H2,1H3","HJIYEKHYUGHTAC-UHFFFAOYSA-N"
8031221,"3-Amino-1-indanol",149.084061,"C9H11NO","OC2c1ccccc1C(N)C2","InChI=1S/C9H11NO/c10-8-5-9(11)7-4-2-1-3-6(7)8/h1-4,8-9,11H,5,10H2","PRVIGUZMXLBANS-UHFFFAOYSA-N"
8042434,"(1S,2R)-1-Amino-2-indanol",149.084061,"C9H11NO","C1[C@H]([C@H](C2=CC=CC=C21)N)O","InChI=1S/C9H11NO/c10-9-7-4-2-1-3-6(7)5-8(9)11/h1-4,8-9,11H,5,10H2/t8-,9+/m1/s1","LOPKSXMQWBYUOI-BDAKNGLRSA-N"
8210342,"4-Amino-3,5-dimethylbenzaldehyde",149.084061,"C9H11NO","O=Cc1cc(c(N)c(c1)C)C","InChI=1S/C9H11NO/c1-6-3-8(5-11)4-7(2)9(6)10/h3-5H,10H2,1-2H3","MGNOINHCQPDTPO-UHFFFAOYSA-N"
8233218,"4-Ethyl-2-methylnicotinaldehyde",149.084061,"C9H11NO","O=Cc1c(ccnc1C)CC","InChI=1S/C9H11NO/c1-3-8-4-5-10-7(2)9(8)6-11/h4-6H,3H2,1-2H3","XGCQIQPFASPRIZ-UHFFFAOYSA-N"
8572415,"2-Methyl-3,4-dihydro-2H-1,4-benzoxazine",149.084061,"C9H11NO","CC1CNC2=CC=CC=C2O1","InChI=1S/C9H11NO/c1-7-6-10-8-4-2-3-5-9(8)11-7/h2-5,7,10H,6H2,1H3","YKPYSZOCOIUSEZ-UHFFFAOYSA-N"
8639901,"3-phenylazetidin-3-ol",149.084061,"C9H11NO","OC2(c1ccccc1)CNC2","InChI=1S/C9H11NO/c11-9(6-10-7-9)8-4-2-1-3-5-8/h1-5,10-11H,6-7H2","BCCJGJCXMIOABO-UHFFFAOYSA-N"
8877315,"5-Methoxyindoline",149.084061,"C9H11NO","COC1=CC2=C(C=C1)NCC2","InChI=1S/C9H11NO/c1-11-8-2-3-9-7(6-8)4-5-10-9/h2-3,6,10H,4-5H2,1H3","YYDYAQAVAHKFJO-UHFFFAOYSA-N"
8949197,"1-[3-(Aminomethyl)phenyl]ethanone",149.084061,"C9H11NO","O=C(c1cc(ccc1)CN)C","InChI=1S/C9H11NO/c1-7(11)9-4-2-3-8(5-9)6-10/h2-5H,6,10H2,1H3","SHKCBAQWXPAPLI-UHFFFAOYSA-N"
9019838,"(E)-3-(2-aminophenyl)prop-2-en-1-ol",149.084061,"C9H11NO","OC/C=C/c1ccccc1N","InChI=1S/C9H11NO/c10-9-6-2-1-4-8(9)5-3-7-11/h1-6,11H,7,10H2/b5-3+","MNWRXKPXEPZBNB-HWKANZROSA-N"
9030923,"5,6,7,8-Tetrahydro-5-isoquinolinol",149.084061,"C9H11NO","C1CC(C2=C(C1)C=NC=C2)O","InChI=1S/C9H11NO/c11-9-3-1-2-7-6-10-5-4-8(7)9/h4-6,9,11H,1-3H2","FZUMQCKAVKSWLQ-UHFFFAOYSA-N"
9041787,"1-Allyl-2-oxocyclopentanecarbonitrile",149.084061,"C9H11NO","O=C1CCCC1(C#N)C\C=C","InChI=1S/C9H11NO/c1-2-5-9(7-10)6-3-4-8(9)11/h2H,1,3-6H2","KDFXAJQSHMBKNY-UHFFFAOYSA-N"
9074118,"2-Methyl-1-(4-pyridinyl)-1-propanone",149.084061,"C9H11NO","O=C(c1ccncc1)C(C)C","InChI=1S/C9H11NO/c1-7(2)9(11)8-3-5-10-6-4-8/h3-7H,1-2H3","REQREMPZQWXKAO-UHFFFAOYSA-N"
9084987,"2,6-Dimethyl-2,3-dihydrofuro[2,3-b]pyridine",149.084061,"C9H11NO","n1c(ccc2c1OC(C2)C)C","InChI=1S/C9H11NO/c1-6-3-4-8-5-7(2)11-9(8)10-6/h3-4,7H,5H2,1-2H3","KAHGDOPALIVEMS-UHFFFAOYSA-N"
9095921,"1-[(E)-2-(2-Furyl)vinyl]cyclopropanamine",149.084061,"C9H11NO","c1cc(oc1)C=CC2(CC2)N","InChI=1S/C9H11NO/c10-9(5-6-9)4-3-8-2-1-7-11-8/h1-4,7H,5-6,10H2","AUFPPYGOBCNIPF-UHFFFAOYSA-N"
9194208,"4-(3-Pyridinyl)butanal",149.084061,"C9H11NO","C1=CC(=CN=C1)CCCC=O","InChI=1S/C9H11NO/c11-7-2-1-4-9-5-3-6-10-8-9/h3,5-8H,1-2,4H2","LGCBVEQNSDSLIH-UHFFFAOYSA-N"
9312443,"(1S,2S)-2-Amino-1-indanol",149.084061,"C9H11NO","O[C@H]2c1ccccc1C[C@@H]2N","InChI=1S/C9H11NO/c10-8-5-6-3-1-2-4-7(6)9(8)11/h1-4,8-9,11H,5,10H2/t8-,9-/m0/s1","HRWCWYGWEVVDLT-IUCAKERBSA-N"
9346157,"(8R)-5,6,7,8-Tetrahydro-8-quinolinol",149.084061,"C9H11NO","C1C[C@H](C2=C(C1)C=CC=N2)O","InChI=1S/C9H11NO/c11-8-5-1-3-7-4-2-6-10-9(7)8/h2,4,6,8,11H,1,3,5H2/t8-/m1/s1","YCQHYOBSOVFBEB-MRVPVSSYSA-N"
9564379,"2,3-Dihydro-1H-indol-4-ylmethanol",149.084061,"C9H11NO","C1CNC2=CC=CC(=C21)CO","InChI=1S/C9H11NO/c11-6-7-2-1-3-9-8(7)4-5-10-9/h1-3,10-11H,4-6H2","KIAXWXLKHCRJMK-UHFFFAOYSA-N"
9621288,"4-(4-Pyridinyl)butanal",149.084061,"C9H11NO","C1=CN=CC=C1CCCC=O","InChI=1S/C9H11NO/c11-8-2-1-3-9-4-6-10-7-5-9/h4-8H,1-3H2","GDJNTTIGXNNPQF-UHFFFAOYSA-N"
9643985,"4-(2-Pyridinyl)butanal",149.084061,"C9H11NO","O=CCCCc1ncccc1","InChI=1S/C9H11NO/c11-8-4-2-6-9-5-1-3-7-10-9/h1,3,5,7-8H,2,4,6H2","ANDQQLPIJOOMAZ-UHFFFAOYSA-N"
9655352,"(8S)-5,6,7,8-Tetrahydro-8-quinolinol",149.084061,"C9H11NO","C1C[C@@H](C2=C(C1)C=CC=N2)O","InChI=1S/C9H11NO/c11-8-5-1-3-7-4-2-6-10-9(7)8/h2,4,6,8,11H,1,3,5H2/t8-/m0/s1","YCQHYOBSOVFBEB-QMMMGPOBSA-N"
9782691,"1-[4-(Methylamino)phenyl]ethanone",149.084061,"C9H11NO","CC(=O)C1=CC=C(C=C1)NC","InChI=1S/C9H11NO/c1-7(11)8-3-5-9(10-2)6-4-8/h3-6,10H,1-2H3","GDBAYICEBDZUNM-UHFFFAOYSA-N"
9919496,"1,2,3,4-Tetrahydro-4-isoquinolinol",149.084061,"C9H11NO","C1C(C2=CC=CC=C2CN1)O","InChI=1S/C9H11NO/c11-9-6-10-5-7-3-1-2-4-8(7)9/h1-4,9-11H,5-6H2","HTHIHJJKFYXSOQ-UHFFFAOYSA-N"
9919499,"(3R)-3-Chromanamine",149.084061,"C9H11NO","O2c1ccccc1C[C@@H](N)C2","InChI=1S/C9H11NO/c10-8-5-7-3-1-2-4-9(7)11-6-8/h1-4,8H,5-6,10H2/t8-/m1/s1","SVWDNDQOXZHBRM-MRVPVSSYSA-N"
9963053,"1-(4-Aminophenyl)acetone",149.084061,"C9H11NO","CC(=O)CC1=CC=C(C=C1)N","InChI=1S/C9H11NO/c1-7(11)6-8-2-4-9(10)5-3-8/h2-5H,6,10H2,1H3","BCBCQECJIGMFJF-UHFFFAOYSA-N"
9979593,"5,6,7,8-Tetrahydro-3-indolizinecarbaldehyde",149.084061,"C9H11NO","O=Cc1ccc2n1CCCC2","InChI=1S/C9H11NO/c11-7-9-5-4-8-3-1-2-6-10(8)9/h4-5,7H,1-3,6H2","GFGOSMOADVSZRH-UHFFFAOYSA-N"
9990594,"5,6,7,8-Tetrahydro-8-quinolinol",149.084061,"C9H11NO","c1cc2c(nc1)C(CCC2)O","InChI=1S/C9H11NO/c11-8-5-1-3-7-4-2-6-10-9(7)8/h2,4,6,8,11H,1,3,5H2","YCQHYOBSOVFBEB-UHFFFAOYSA-N"
10121887,"(3Z)-4-(3-Pyridinyl)-3-buten-2-ol",149.084061,"C9H11NO","CC(/C=C\c1cccnc1)O","InChI=1S/C9H11NO/c1-8(11)4-5-9-3-2-6-10-7-9/h2-8,11H,1H3/b5-4-","UFKIEVRTMVECLD-PLNGDYQASA-N"
10133215,"1-(2-Aminophenyl)acetone",149.084061,"C9H11NO","CC(=O)Cc1ccccc1N","InChI=1S/C9H11NO/c1-7(11)6-8-4-2-3-5-9(8)10/h2-5H,6,10H2,1H3","NJBLMIGSYNJINU-UHFFFAOYSA-N"
10133217,"1-(2,3-Dimethyl-4-pyridinyl)ethanone",149.084061,"C9H11NO","Cc1c(nccc1C(=O)C)C","InChI=1S/C9H11NO/c1-6-7(2)10-5-4-9(6)8(3)11/h4-5H,1-3H3","PCGFWWYUWNPRSY-UHFFFAOYSA-N"
10230565,"2-Methyl-1-(3-pyridinyl)-1-propanone",149.084061,"C9H11NO","CC(C)C(=O)c1cccnc1","InChI=1S/C9H11NO/c1-7(2)9(11)8-4-3-5-10-6-8/h3-7H,1-2H3","TWDULYDQIGVEKY-UHFFFAOYSA-N"
10243171,"4-Acetotoluide",149.084061,"C9H11NO","Cc1ccc(cc1)/N=C(\C)/O","InChI=1S/C9H11NO/c1-7-3-5-9(6-4-7)10-8(2)11/h3-6H,1-2H3,(H,10,11)","YICAMJWHIUMFDI-UHFFFAOYSA-N"
10298354,"o-Acetotoluide",149.084061,"C9H11NO","Cc1ccccc1NC(=O)C","InChI=1S/C9H11NO/c1-7-5-3-4-6-9(7)10-8(2)11/h3-6H,1-2H3,(H,10,11)","BPEXTIMJLDWDTL-UHFFFAOYSA-N"
10383855,"1-(2,6-Dimethyl-3-pyridinyl)ethanone",149.084061,"C9H11NO","Cc1ccc(c(n1)C)C(=O)C","InChI=1S/C9H11NO/c1-6-4-5-9(8(3)11)7(2)10-6/h4-5H,1-3H3","QICFGQJIWDJROU-UHFFFAOYSA-N"
10407886,"1-(2,6-Dimethyl-4-pyridinyl)ethanone",149.084061,"C9H11NO","Cc1cc(cc(n1)C)C(=O)C","InChI=1S/C9H11NO/c1-6-4-9(8(3)11)5-7(2)10-6/h4-5H,1-3H3","FLQWILGTHKHWNV-UHFFFAOYSA-N"
10437316,"2-Ethylbenzamide",149.084061,"C9H11NO","CCc1ccccc1C(=O)N","InChI=1S/C9H11NO/c1-2-7-5-3-4-6-8(7)9(10)11/h3-6H,2H2,1H3,(H2,10,11)","GKTFLKJXZOYBRW-UHFFFAOYSA-N"
10466988,"Ethyl benzimidate",149.084061,"C9H11NO","CCOC(=N)c1ccccc1","InChI=1S/C9H11NO/c1-2-11-9(10)8-6-4-3-5-7-8/h3-7,10H,2H2,1H3","CQBWPUJYGMSGDU-UHFFFAOYSA-N"
10488521,"1-(3-Ethyl-4-pyridinyl)ethanone",149.084061,"C9H11NO","CCc1cnccc1C(C)=O","InChI=1S/C9H11NO/c1-3-8-6-10-5-4-9(8)7(2)11/h4-6H,3H2,1-2H3","DASXLYSUTRIHGW-UHFFFAOYSA-N"
10565302,"1,2,3,4-Tetrahydro-8-isoquinolinol",149.084061,"C9H11NO","C1CNCC2=C1C=CC=C2O","InChI=1S/C9H11NO/c11-9-3-1-2-7-4-5-10-6-8(7)9/h1-3,10-11H,4-6H2","UHEOSCFYXMSUPR-UHFFFAOYSA-N"
10565305,"1,2,3,4-Tetrahydro-5-isoquinolinol",149.084061,"C9H11NO","C1CNCC2=C1C(=CC=C2)O","InChI=1S/C9H11NO/c11-9-3-1-2-7-6-10-5-4-8(7)9/h1-3,10-11H,4-6H2","OMZHCCXUVSEGAD-UHFFFAOYSA-N"
10570215,"5-Chromanamine",149.084061,"C9H11NO","Nc2cccc1OCCCc12","InChI=1S/C9H11NO/c10-8-4-1-5-9-7(8)3-2-6-11-9/h1,4-5H,2-3,6,10H2","GKJBMBKESIBFHQ-UHFFFAOYSA-N"
10570239,"8-Chromanamine",149.084061,"C9H11NO","Nc1cccc2CCCOc12","InChI=1S/C9H11NO/c10-8-5-1-3-7-4-2-6-11-9(7)8/h1,3,5H,2,4,6,10H2","ILXAZFRYAXWHNA-UHFFFAOYSA-N"
10635005,"2,3,4,5-Tetrahydro-1,4-benzoxazepine",149.084061,"C9H11NO","C1COC2=CC=CC=C2CN1","InChI=1S/C9H11NO/c1-2-4-9-8(3-1)7-10-5-6-11-9/h1-4,10H,5-7H2","HDVHFHONOKCUHQ-UHFFFAOYSA-N"
10635027,"1,2,3,5-Tetrahydro-4,1-benzoxazepine",149.084061,"C9H11NO","c1cc2NCCOCc2cc1","InChI=1S/C9H11NO/c1-2-4-9-8(3-1)7-11-6-5-10-9/h1-4,10H,5-7H2","GJKVQTRICWNJOP-UHFFFAOYSA-N"
10720664,"2-(2-Methylphenyl)acetamide",149.084061,"C9H11NO","O=C(N)Cc1ccccc1C","InChI=1S/C9H11NO/c1-7-4-2-3-5-8(7)6-9(10)11/h2-5H,6H2,1H3,(H2,10,11)","AZWFNQKHHGQCET-UHFFFAOYSA-N"
10747012,"4-Methoxyindoline",149.084061,"C9H11NO","COC1=CC=CC2=C1CCN2","InChI=1S/C9H11NO/c1-11-9-4-2-3-8-7(9)5-6-10-8/h2-4,10H,5-6H2,1H3","MIOTXFNRNVNXDP-UHFFFAOYSA-N"
10747208,"7-Methoxyindoline",149.084061,"C9H11NO","COC1=CC=CC2=C1NCC2","InChI=1S/C9H11NO/c1-11-8-4-2-3-7-5-6-10-9(7)8/h2-4,10H,5-6H2,1H3","QLVATPFLTCNUBR-UHFFFAOYSA-N"
10754535,"5-Methoxyisoindoline",149.084061,"C9H11NO","COC1=CC2=C(CNC2)C=C1","InChI=1S/C9H11NO/c1-11-9-3-2-7-5-10-6-8(7)4-9/h2-4,10H,5-6H2,1H3","BNBIUUBEQGUPJK-UHFFFAOYSA-N"
11294648,"3,4-Dihydro-1H-isochromen-6-amine",149.084061,"C9H11NO","c1cc2c(cc1N)CCOC2","InChI=1S/C9H11NO/c10-9-2-1-8-6-11-4-3-7(8)5-9/h1-2,5H,3-4,6,10H2","WWUNVOJMYCNULT-UHFFFAOYSA-N"
11332993,"m-Acetotoluide",149.084061,"C9H11NO","Cc1cccc(c1)/N=C(\C)/O","InChI=1S/C9H11NO/c1-7-4-3-5-9(6-7)10-8(2)11/h3-6H,1-2H3,(H,10,11)","ALMHSXDYCFOZQD-UHFFFAOYSA-N"
11343802,"2,4-Dimethylbenzamide",149.084061,"C9H11NO","Cc1ccc(c(c1)C)C(=O)N","InChI=1S/C9H11NO/c1-6-3-4-8(9(10)11)7(2)5-6/h3-5H,1-2H3,(H2,10,11)","GWLFXUUYBRACSN-UHFFFAOYSA-N"
11456014,"2-Amino-3,4-dimethylbenzaldehyde",149.084061,"C9H11NO","Cc1ccc(c(c1C)N)C=O","InChI=1S/C9H11NO/c1-6-3-4-8(5-11)9(10)7(6)2/h3-5H,10H2,1-2H3","WOJTWFDHXZSXMG-UHFFFAOYSA-N"
11572660,"1-(2,3-Dihydro-1-benzofuran-7-yl)methanamine",149.084061,"C9H11NO","c1cc2c(c(c1)CN)OCC2","InChI=1S/C9H11NO/c10-6-8-3-1-2-7-4-5-11-9(7)8/h1-3H,4-6,10H2","LNQLTDVDXCZARO-UHFFFAOYSA-N"
11618208,"1-[2-(Methylamino)phenyl]ethanone",149.084061,"C9H11NO","CC(=O)c1ccccc1NC","InChI=1S/C9H11NO/c1-7(11)8-5-3-4-6-9(8)10-2/h3-6,10H,1-2H3","CUHJQPWOSWMIAU-UHFFFAOYSA-N"
11627846,"1,2,3,4-Tetrahydro-3-quinolinol",149.084061,"C9H11NO","c1ccc2c(c1)CC(CN2)O","InChI=1S/C9H11NO/c11-8-5-7-3-1-2-4-9(7)10-6-8/h1-4,8,10-11H,5-6H2","BCUWDJPRIHGCRN-UHFFFAOYSA-N"
12286437,"1-(3-Methyl-2-pyridinyl)acetone",149.084061,"C9H11NO","Cc1cccnc1CC(=O)C","InChI=1S/C9H11NO/c1-7-4-3-5-10-9(7)6-8(2)11/h3-5H,6H2,1-2H3","GBHJULOPIKRXAE-UHFFFAOYSA-N"
12286438,"1-(4-Methyl-2-pyridinyl)acetone",149.084061,"C9H11NO","Cc1ccnc(c1)CC(=O)C","InChI=1S/C9H11NO/c1-7-3-4-10-9(5-7)6-8(2)11/h3-5H,6H2,1-2H3","NISIAOZUKDDYST-UHFFFAOYSA-N"
13224134,"1-(4,6-Dimethyl-2-pyridinyl)ethanone",149.084061,"C9H11NO","Cc1cc(nc(c1)C(=O)C)C","InChI=1S/C9H11NO/c1-6-4-7(2)10-9(5-6)8(3)11/h4-5H,1-3H3","IWZFETYQIYPLIE-UHFFFAOYSA-N"
13309157,"1-Amino-4-indanol",149.084061,"C9H11NO","c1cc2c(c(c1)O)CCC2N","InChI=1S/C9H11NO/c10-8-5-4-7-6(8)2-1-3-9(7)11/h1-3,8,11H,4-5,10H2","GWFKPABLUSNUAP-UHFFFAOYSA-N"
13309158,"3-Amino-5-indanol",149.084061,"C9H11NO","c1cc2c(cc1O)C(CC2)N","InChI=1S/C9H11NO/c10-9-4-2-6-1-3-7(11)5-8(6)9/h1,3,5,9,11H,2,4,10H2","MOUPGBDOLGDVNW-UHFFFAOYSA-N"
13325063,"1-(5-Methyl-2-pyridinyl)acetone",149.084061,"C9H11NO","Cc1ccc(nc1)CC(=O)C","InChI=1S/C9H11NO/c1-7-3-4-9(10-6-7)5-8(2)11/h3-4,6H,5H2,1-2H3","IHWRVCONMXLQQT-UHFFFAOYSA-N"
13376529,"6-Chromanamine",149.084061,"C9H11NO","c1cc2c(cc1N)CCCO2","InChI=1S/C9H11NO/c10-8-3-4-9-7(6-8)2-1-5-11-9/h3-4,6H,1-2,5,10H2","GYELWTXNPXFOGQ-UHFFFAOYSA-N"
13493533,"2-(Ethylamino)benzaldehyde",149.084061,"C9H11NO","CCNc1ccccc1C=O","InChI=1S/C9H11NO/c1-2-10-9-6-4-3-5-8(9)7-11/h3-7,10H,2H2,1H3","GIVCOZFRECSQKC-UHFFFAOYSA-N"
13557703,"1-(3,6-Dimethyl-2-pyridinyl)ethanone",149.084061,"C9H11NO","Cc1ccc(nc1C(=O)C)C","InChI=1S/C9H11NO/c1-6-4-5-7(2)10-9(6)8(3)11/h4-5H,1-3H3","NSCQDMOBBRXRGG-UHFFFAOYSA-N"
13606167,"1-(5-Amino-2-methylphenyl)ethanone",149.084061,"C9H11NO","Cc1ccc(cc1C(=O)C)N","InChI=1S/C9H11NO/c1-6-3-4-8(10)5-9(6)7(2)11/h3-5H,10H2,1-2H3","AIQBRIXHBHSDMG-UHFFFAOYSA-N"
13794274,"1-[3-(Methylamino)phenyl]ethanone",149.084061,"C9H11NO","CC(=O)c1cccc(c1)NC","InChI=1S/C9H11NO/c1-7(11)8-4-3-5-9(6-8)10-2/h3-6,10H,1-2H3","BIGWSTKIMFYADA-UHFFFAOYSA-N"
13835277,"2-(Dimethylamino)benzaldehyde",149.084061,"C9H11NO","CN(C)c1ccccc1C=O","InChI=1S/C9H11NO/c1-10(2)9-6-4-3-5-8(9)7-11/h3-7H,1-2H3","DGPBVJWCIDNDPN-UHFFFAOYSA-N"
13944629,"5,6,7,8-Tetrahydro-1(2H)-isoquinolinone",149.084061,"C9H11NO","c1c[nH]c(=O)c2c1CCCC2","InChI=1S/C9H11NO/c11-9-8-4-2-1-3-7(8)5-6-10-9/h5-6H,1-4H2,(H,10,11)","BSSAYGWMFGXIPF-UHFFFAOYSA-N"
13979328,"4-Methoxyisoindoline",149.084061,"C9H11NO","COc1cccc2c1CNC2","InChI=1S/C9H11NO/c1-11-9-4-2-3-7-5-10-6-8(7)9/h2-4,10H,5-6H2,1H3","DCDSDKAYJZLMEX-UHFFFAOYSA-N"
14205294,"Cyclopropyl(3-pyridinyl)methanol",149.084061,"C9H11NO","c1cc(cnc1)C(C2CC2)O","InChI=1S/C9H11NO/c11-9(7-3-4-7)8-2-1-5-10-6-8/h1-2,5-7,9,11H,3-4H2","SXBLTZRJXSRDQD-UHFFFAOYSA-N"
14221524,"4-(Ethylamino)benzaldehyde",149.084061,"C9H11NO","CCNc1ccc(cc1)C=O","InChI=1S/C9H11NO/c1-2-10-9-5-3-8(7-11)4-6-9/h3-7,10H,2H2,1H3","QBGRAELMPIMNON-UHFFFAOYSA-N"
14279780,"1-(4-Amino-2-methylphenyl)ethanone",149.084061,"C9H11NO","Cc1cc(ccc1C(=O)C)N","InChI=1S/C9H11NO/c1-6-5-8(10)3-4-9(6)7(2)11/h3-5H,10H2,1-2H3","RUHKTMSHDAAPRH-UHFFFAOYSA-N"
14426039,"3-Phenoxyazetidine",149.084061,"C9H11NO","c1ccc(cc1)OC2CNC2","InChI=1S/C9H11NO/c1-2-4-8(5-3-1)11-9-6-10-7-9/h1-5,9-10H,6-7H2","CCDAHKDEKOTDGR-UHFFFAOYSA-N"
14446182,"1-(4-Amino-3-methylphenyl)ethanone",149.084061,"C9H11NO","Cc1cc(ccc1N)C(=O)C","InChI=1S/C9H11NO/c1-6-5-8(7(2)11)3-4-9(6)10/h3-5H,10H2,1-2H3","NGOTZSLPEOKQGQ-UHFFFAOYSA-N"
14542031,"2,3-Dihydro-1H-isoindol-4-ylmethanol",149.084061,"C9H11NO","c1cc2c(c(c1)CO)CNC2","InChI=1S/C9H11NO/c11-6-8-3-1-2-7-4-10-5-9(7)8/h1-3,10-11H,4-6H2","CMBJRRZLAYYBOP-UHFFFAOYSA-N"
14542045,"2,3-Dihydro-1H-isoindol-5-ylmethanol",149.084061,"C9H11NO","c1cc2c(cc1CO)CNC2","InChI=1S/C9H11NO/c11-6-7-1-2-8-4-10-5-9(8)3-7/h1-3,10-11H,4-6H2","RNLBNPQIMFCASQ-UHFFFAOYSA-N"
14929826,"2-Methyl-2,3-dihydro-1-benzofuran-7-amine",149.084061,"C9H11NO","CC1Cc2cccc(c2O1)N","InChI=1S/C9H11NO/c1-6-5-7-3-2-4-8(10)9(7)11-6/h2-4,6H,5,10H2,1H3","DRJZUEHEOHJEJW-UHFFFAOYSA-N"
15191521,"7-Methyl-3,4-dihydro-2H-1,4-benzoxazine",149.084061,"C9H11NO","Cc1ccc2c(c1)OCCN2","InChI=1S/C9H11NO/c1-7-2-3-8-9(6-7)11-5-4-10-8/h2-3,6,10H,4-5H2,1H3","HHFJHCXBGHXHLU-UHFFFAOYSA-N"
15191526,"8-Methyl-3,4-dihydro-2H-1,4-benzoxazine",149.084061,"C9H11NO","Cc1cccc2c1OCCN2","InChI=1S/C9H11NO/c1-7-3-2-4-8-9(7)11-6-5-10-8/h2-4,10H,5-6H2,1H3","JQJPCKSQHLCCPZ-UHFFFAOYSA-N"
15578956,"5-Amino-2-indanol",149.084061,"C9H11NO","c1cc2c(cc1N)CC(C2)O","InChI=1S/C9H11NO/c10-8-2-1-6-4-9(11)5-7(6)3-8/h1-3,9,11H,4-5,10H2","IUYSLZHHPZCKSS-UHFFFAOYSA-N"
15853196,"1-Phenyl-3-azetidinol",149.084061,"C9H11NO","c1ccc(cc1)N2CC(C2)O","InChI=1S/C9H11NO/c11-9-6-10(7-9)8-4-2-1-3-5-8/h1-5,9,11H,6-7H2","DAOXYMJNDJMGHK-UHFFFAOYSA-N"
16173634,"1-(5-Ethyl-2-pyridinyl)ethanone",149.084061,"C9H11NO","CCc1ccc(nc1)C(=O)C","InChI=1S/C9H11NO/c1-3-8-4-5-9(7(2)11)10-6-8/h4-6H,3H2,1-2H3","UQGODFDLOPSSFQ-UHFFFAOYSA-N"
16277889,"5,6,7,8-Tetrahydro-4-quinolinol",149.084061,"C9H11NO","c1cnc2c(c1O)CCCC2","InChI=1S/C9H11NO/c11-9-5-6-10-8-4-2-1-3-7(8)9/h5-6H,1-4H2,(H,10,11)","ZGJDQLDCBPXGGF-UHFFFAOYSA-N"
16333890,"Acetyl-o-toluidine",149.084061,"C9H11NO","Cc1c(cccc1N)C(=O)C","InChI=1S/C9H11NO/c1-6-8(7(2)11)4-3-5-9(6)10/h3-5H,10H2,1-2H3","XRGZUSXNHIQMNA-UHFFFAOYSA-N"
18976030,"1-[4-(Aminomethyl)phenyl]ethanone",149.084061,"C9H11NO","CC(=O)c1ccc(cc1)CN","InChI=1S/C9H11NO/c1-7(11)9-4-2-8(6-10)3-5-9/h2-5H,6,10H2,1H3","SVUFTNBKCAMKND-UHFFFAOYSA-N"
19749917,"1-(2-Amino-4-methylphenyl)ethanone",149.084061,"C9H11NO","Cc1ccc(c(c1)N)C(=O)C","InChI=1S/C9H11NO/c1-6-3-4-8(7(2)11)9(10)5-6/h3-5H,10H2,1-2H3","BDSDVMMCXGKRJO-UHFFFAOYSA-N"
19864425,"4-(2-Aminoethyl)benzaldehyde",149.084061,"C9H11NO","c1cc(ccc1CCN)C=O","InChI=1S/C9H11NO/c10-6-5-8-1-3-9(7-11)4-2-8/h1-4,7H,5-6,10H2","ZIGUFSQHAGLYHM-UHFFFAOYSA-N"
19953507,"Aceto-m-aminotoluene",149.084061,"C9H11NO","Cc1cccc(c1C(=O)C)N","InChI=1S/C9H11NO/c1-6-4-3-5-8(10)9(6)7(2)11/h3-5H,10H2,1-2H3","FCFCALLCKMWREK-UHFFFAOYSA-N"
21172611,"Ethyl phenylimidoformate",149.084061,"C9H11NO","CCO/C=N/c1ccccc1","InChI=1S/C9H11NO/c1-2-11-8-10-9-6-4-3-5-7-9/h3-8H,2H2,1H3/b10-8+","DRDBNKYFCOLNQO-CSKARUKUSA-N"
21265203,"N-(4-Methylbenzyl)formamide",149.084061,"C9H11NO","Cc1ccc(cc1)CNC=O","InChI=1S/C9H11NO/c1-8-2-4-9(5-3-8)6-10-7-11/h2-5,7H,6H2,1H3,(H,10,11)","YCDUEKOIMBQNQF-UHFFFAOYSA-N"
21396661,"2-Allyl-6-methoxypyridine",149.084061,"C9H11NO","COc1cccc(n1)CC=C","InChI=1S/C9H11NO/c1-3-5-8-6-4-7-9(10-8)11-2/h3-4,6-7H,1,5H2,2H3","BSJFJABVHNHPMS-UHFFFAOYSA-N"
21474016,"(E)-1-(3,4-Dimethylphenyl)-N-hydroxymethanimine",149.084061,"C9H11NO","Cc1ccc(cc1C)/C=N/O","InChI=1S/C9H11NO/c1-7-3-4-9(6-10-11)5-8(7)2/h3-6,11H,1-2H3/b10-6+","FMMYWZFQQDNXGQ-UXBLZVDNSA-N"
21501001,"Methyl 2-phenylethanimidate",149.084061,"C9H11NO","COC(=N)Cc1ccccc1","InChI=1S/C9H11NO/c1-11-9(10)7-8-5-3-2-4-6-8/h2-6,10H,7H2,1H3","GKRCMFSWPXMFMA-UHFFFAOYSA-N"
21612808,"2-Methyl-2,3-dihydro-1-benzofuran-5-amine",149.084061,"C9H11NO","CC1Cc2cc(ccc2O1)N","InChI=1S/C9H11NO/c1-6-4-7-5-8(10)2-3-9(7)11-6/h2-3,5-6H,4,10H2,1H3","LSYQSRCIPQPFMO-UHFFFAOYSA-N"
21681154,"3,4-Dihydro-1H-isochromen-4-amine",149.084061,"C9H11NO","c1ccc2c(c1)COCC2N","InChI=1S/C9H11NO/c10-9-6-11-5-7-3-1-2-4-8(7)9/h1-4,9H,5-6,10H2","BDYWBOBBXXDXHU-UHFFFAOYSA-N"
22906299,"(3R)-3-Amino-5-indanol",149.084061,"C9H11NO","c1cc2c(cc1O)[C@@H](CC2)N","InChI=1S/C9H11NO/c10-9-4-2-6-1-3-7(11)5-8(6)9/h1,3,5,9,11H,2,4,10H2/t9-/m1/s1","MOUPGBDOLGDVNW-SECBINFHSA-N"
23500031,"5-Ethyl-2-(2-oxiranyl)pyridine",149.084061,"C9H11NO","CCc1ccc(nc1)C2CO2","InChI=1S/C9H11NO/c1-2-7-3-4-8(10-5-7)9-6-11-9/h3-5,9H,2,6H2,1H3","IETPZJCIUXNJTI-UHFFFAOYSA-N"
23621708,"1-(2-Amino-5-methylphenyl)ethanone",149.084061,"C9H11NO","Cc1ccc(c(c1)C(=O)C)N","InChI=1S/C9H11NO/c1-6-3-4-9(10)8(5-6)7(2)11/h3-5H,10H2,1-2H3","GKLCEWGCNFPALN-UHFFFAOYSA-N"
23978317,"5,6,7,8-Tetrahydro-3(2H)-isoquinolinone",149.084061,"C9H11NO","c1c2c(c[nH]c1=O)CCCC2","InChI=1S/C9H11NO/c11-9-5-7-3-1-2-4-8(7)6-10-9/h5-6H,1-4H2,(H,10,11)","NAVNEMDRBCCOTJ-UHFFFAOYSA-N"
24184017,"4-Methoxy-2-vinylaniline",149.084061,"C9H11NO","COc1ccc(c(c1)C=C)N","InChI=1S/C9H11NO/c1-3-7-6-8(11-2)4-5-9(7)10/h3-6H,1,10H2,2H3","ONCGZEUOJDTERQ-UHFFFAOYSA-N"
24184689,"5,6,7,8-Tetrahydro-3-quinolinol",149.084061,"C9H11NO","c1c(cnc2c1CCCC2)O","InChI=1S/C9H11NO/c11-8-5-7-3-1-2-4-9(7)10-6-8/h5-6,11H,1-4H2","PSXNUQKAJHVAPG-UHFFFAOYSA-N"
24184763,"[2-(4-Pyridinyl)cyclopropyl]methanol",149.084061,"C9H11NO","c1cnccc1C2CC2CO","InChI=1S/C9H11NO/c11-6-8-5-9(8)7-1-3-10-4-2-7/h1-4,8-9,11H,5-6H2","JSHANWPMBNTEPI-UHFFFAOYSA-N"
24185215,"5-Ethyl-2-methylnicotinaldehyde",149.084061,"C9H11NO","CCc1cc(c(nc1)C)C=O","InChI=1S/C9H11NO/c1-3-8-4-9(6-11)7(2)10-5-8/h4-6H,3H2,1-2H3","FXPRMTBIIOISLD-UHFFFAOYSA-N"
24188983,"2-Phenyl-3-azetidinol",149.084061,"C9H11NO","c1ccc(cc1)C2C(CN2)O","InChI=1S/C9H11NO/c11-8-6-10-9(8)7-4-2-1-3-5-7/h1-5,8-11H,6H2","DABKYHXVYXFLLS-UHFFFAOYSA-N"
24188984,"3-(2-Azetidinyl)phenol",149.084061,"C9H11NO","c1cc(cc(c1)O)C2CCN2","InChI=1S/C9H11NO/c11-8-3-1-2-7(6-8)9-4-5-10-9/h1-3,6,9-11H,4-5H2","VYFDZGDIJFWICI-UHFFFAOYSA-N"
24189940,"2-Methyl-4-(methylamino)benzaldehyde",149.084061,"C9H11NO","Cc1cc(ccc1C=O)NC","InChI=1S/C9H11NO/c1-7-5-9(10-2)4-3-8(7)6-11/h3-6,10H,1-2H3","MSOBGYQNYCVRRI-UHFFFAOYSA-N"
24189960,"4-Amino-2,6-dimethylbenzaldehyde",149.084061,"C9H11NO","Cc1cc(cc(c1C=O)C)N","InChI=1S/C9H11NO/c1-6-3-8(10)4-7(2)9(6)5-11/h3-5H,10H2,1-2H3","RYOVQGPPVBEYFV-UHFFFAOYSA-N"
24421170,"5-Methyl-2,3-dihydro-1-benzofuran-3-amine",149.084061,"C9H11NO","Cc1ccc2c(c1)C(CO2)N","InChI=1S/C9H11NO/c1-6-2-3-9-7(4-6)8(10)5-11-9/h2-4,8H,5,10H2,1H3","WGLRJXANNLVGSH-UHFFFAOYSA-N"
24421171,"7-Methyl-2,3-dihydro-1-benzofuran-3-amine",149.084061,"C9H11NO","Cc1cccc2c1OCC2N","InChI=1S/C9H11NO/c1-6-3-2-4-7-8(10)5-11-9(6)7/h2-4,8H,5,10H2,1H3","HIFPXIXRLNIWNE-UHFFFAOYSA-N"
24589273,"N-Methyl-N-(2-methylphenyl)formamide",149.084061,"C9H11NO","Cc1ccccc1N(C)C=O","InChI=1S/C9H11NO/c1-8-5-3-4-6-9(8)10(2)7-11/h3-7H,1-2H3","WWWSJNJIEHCOSE-UHFFFAOYSA-N"
24602693,"3-(Cyclopropyloxy)aniline",149.084061,"C9H11NO","c1cc(cc(c1)OC2CC2)N","InChI=1S/C9H11NO/c10-7-2-1-3-9(6-7)11-8-4-5-8/h1-3,6,8H,4-5,10H2","NFRVQIJUWWANJH-UHFFFAOYSA-N"
24721890,"(2S)-2-phenylpropanamide",149.084061,"C9H11NO","C[C@@H](c1ccccc1)C(=O)N","InChI=1S/C9H11NO/c1-7(9(10)11)8-5-3-2-4-6-8/h2-7H,1H3,(H2,10,11)/t7-/m0/s1","DOZZSWAOPDYVLH-ZETCQYMHSA-N"
24746555,"[(1R,2S)-2-(3-Pyridinyl)cyclopropyl]methanol",149.084061,"C9H11NO","c1cc(cnc1)[C@H]2C[C@H]2CO","InChI=1S/C9H11NO/c11-6-8-4-9(8)7-2-1-3-10-5-7/h1-3,5,8-9,11H,4,6H2/t8-,9+/m0/s1","QWHJXGUAMZXBPC-DTWKUNHWSA-N"
24748395,"(3S)-3-Chromanamine",149.084061,"C9H11NO","c1ccc2c(c1)C[C@@H](CO2)N","InChI=1S/C9H11NO/c10-8-5-7-3-1-2-4-9(7)11-6-8/h1-4,8H,5-6,10H2/t8-/m0/s1","SVWDNDQOXZHBRM-QMMMGPOBSA-N"
24957847,"(3S)-3-Amino-5-indanol",149.084061,"C9H11NO","c1cc2c(cc1O)[C@H](CC2)N","InChI=1S/C9H11NO/c10-9-4-2-6-1-3-7(11)5-8(6)9/h1,3,5,9,11H,2,4,10H2/t9-/m0/s1","MOUPGBDOLGDVNW-VIFPVBQESA-N"
25993129,"2-Methoxy-5-methyl-3-vinylpyridine",149.084061,"C9H11NO","Cc1cc(c(nc1)OC)C=C","InChI=1S/C9H11NO/c1-4-8-5-7(2)6-10-9(8)11-3/h4-6H,1H2,2-3H3","WVBQUZUHAQVRQI-UHFFFAOYSA-N"
26054440,"2-Amino-4-indanol",149.084061,"C9H11NO","c1cc2c(c(c1)O)CC(C2)N","InChI=1S/C9H11NO/c10-7-4-6-2-1-3-9(11)8(6)5-7/h1-3,7,11H,4-5,10H2","MKMYGMZCCPQLER-UHFFFAOYSA-N"
26233945,"3-Methylene-N-(2-propyn-1-yl)cyclobutanecarboxamide",149.084061,"C9H11NO","C=C1CC(C1)C(=O)NCC#C","InChI=1S/C9H11NO/c1-3-4-10-9(11)8-5-7(2)6-8/h1,8H,2,4-6H2,(H,10,11)","MFLUOMHKLJOYCY-UHFFFAOYSA-N"
26546787,"3-Phenyl-3-oxetanamine",149.084061,"C9H11NO","c1ccc(cc1)C2(COC2)N","InChI=1S/C9H11NO/c10-9(6-11-7-9)8-4-2-1-3-5-8/h1-5H,6-7,10H2","XISUWHJCLGQGMS-UHFFFAOYSA-N"
26546985,"6-Amino-1-indanol",149.084061,"C9H11NO","c1cc2c(cc1N)C(CC2)O","InChI=1S/C9H11NO/c10-7-3-1-6-2-4-9(11)8(6)5-7/h1,3,5,9,11H,2,4,10H2","JNHXSWSVDTZYQX-UHFFFAOYSA-N"
28542904,"N-Methyl-2,3-dihydro-1-benzofuran-5-amine",149.084061,"C9H11NO","CNc1ccc2c(c1)CCO2","InChI=1S/C9H11NO/c1-10-8-2-3-9-7(6-8)4-5-11-9/h2-3,6,10H,4-5H2,1H3","LNHXGHOHECTHAQ-UHFFFAOYSA-N"
28585604,"(E)-1-(2,5-Dimethylphenyl)-N-hydroxymethanimine",149.084061,"C9H11NO","Cc1ccc(c(c1)/C=N/O)C","InChI=1S/C9H11NO/c1-7-3-4-8(2)9(5-7)6-10-11/h3-6,11H,1-2H3/b10-6+","CYXCYDJPJFMZOD-UXBLZVDNSA-N"
28586671,"1-(3-Methyl-2-pyridinyl)-1-propanone",149.084061,"C9H11NO","CCC(=O)c1c(cccn1)C","InChI=1S/C9H11NO/c1-3-8(11)9-7(2)5-4-6-10-9/h4-6H,3H2,1-2H3","DBAMXXXFQSQXMV-UHFFFAOYSA-N"
29738557,"4-(3-Oxetanyl)aniline",149.084061,"C9H11NO","c1cc(ccc1C2COC2)N","InChI=1S/C9H11NO/c10-9-3-1-7(2-4-9)8-5-11-6-8/h1-4,8H,5-6,10H2","FPKSWQFAXUXUJX-UHFFFAOYSA-N"
12270,"(1S,2S)-2-Phenoxycyclopropanamine",149.084061,"C9H11NO","c1ccc(cc1)O[C@H]2C[C@@H]2N","InChI=1S/C9H11NO/c10-8-6-9(8)11-7-4-2-1-3-5-7/h1-5,8-9H,6,10H2/t8-,9-/m0/s1","LWTVCQHYQVDFLN-IUCAKERBSA-N"
25033,"3-Methyl-3,4-dihydro-1H-2,3-benzoxazine",149.084061,"C9H11NO","CN1Cc2ccccc2CO1","InChI=1S/C9H11NO/c1-10-6-8-4-2-3-5-9(8)7-11-10/h2-5H,6-7H2,1H3","SBPYEMSKGZSEGI-UHFFFAOYSA-N"
75102,"N-Hydroxy-1-phenyl-2-propanimine",149.084061,"C9H11NO","CC(=NO)Cc1ccccc1","InChI=1S/C9H11NO/c1-8(10-11)7-9-5-3-2-4-6-9/h2-6,11H,7H2,1H3","AUYFJUMCPAMOKN-UHFFFAOYSA-N"
91566,"N-Hydroxy-1-(4-methylphenyl)ethanimine",149.084061,"C9H11NO","Cc1ccc(cc1)C(=NO)C","InChI=1S/C9H11NO/c1-7-3-5-9(6-4-7)8(2)10-11/h3-6,11H,1-2H3","XAAUYUMBCPRWED-UHFFFAOYSA-N"
114030,"4-[(1S,2R)-2-Aminocyclopropyl]phenol",149.084061,"C9H11NO","c1cc(ccc1[C@@H]2C[C@H]2N)O","InChI=1S/C9H11NO/c10-9-5-8(9)6-1-3-7(11)4-2-6/h1-4,8-9,11H,5,10H2/t8-,9+/m0/s1","HADIWKXZWHXEDX-DTWKUNHWSA-N"
124689,"1-(4-Methoxyphenyl)aziridine",149.084061,"C9H11NO","COc1ccc(cc1)N2CC2","InChI=1S/C9H11NO/c1-11-9-4-2-8(3-5-9)10-6-7-10/h2-5H,6-7H2,1H3","GTENTCQOKIGCIS-UHFFFAOYSA-N"
127123,"5,5-Dimethyl-3-cyanocyclohex-2-enone",149.084061,"C9H11NO","CC1(CC(=CC(=O)C1)C#N)C","InChI=1S/C9H11NO/c1-9(2)4-7(6-10)3-8(11)5-9/h3H,4-5H2,1-2H3","HKYRXDYNQOWCBK-UHFFFAOYSA-N"
172717,"4-(3-Azetidinyl)phenol",149.084061,"C9H11NO","c1cc(ccc1C2CNC2)O","InChI=1S/C9H11NO/c11-9-3-1-7(2-4-9)8-5-10-6-8/h1-4,8,10-11H,5-6H2","NJWDUESJECNIPU-UHFFFAOYSA-N"
247311,"N-Hydroxy-1-(2-methylphenyl)ethanimine",149.084061,"C9H11NO","Cc1ccccc1C(=NO)C","InChI=1S/C9H11NO/c1-7-5-3-4-6-9(7)8(2)10-11/h3-6,11H,1-2H3","VSJKFVUSFMENIX-UHFFFAOYSA-N"
265324,"1,6-Dimethyl-7-azabicyclo[4.2.0]octa-2,4-dien-8-one",149.084061,"C9H11NO","CC12C=CC=CC1(NC2=O)C","InChI=1S/C9H11NO/c1-8-5-3-4-6-9(8,2)10-7(8)11/h3-6H,1-2H3,(H,10,11)","GYNZSQNYJFXQKR-UHFFFAOYSA-N"
284852,"1-(2-Methyl-1-propen-1-yl)-2(1H)-pyridinone",149.084061,"C9H11NO","CC(=Cn1ccccc1=O)C","InChI=1S/C9H11NO/c1-8(2)7-10-6-4-3-5-9(10)11/h3-7H,1-2H3","OWTYEAIFBUEGNI-UHFFFAOYSA-N"
376532,"Methyl (1Z)-2-phenylethanimidate",149.084061,"C9H11NO","[H]/N=C(/Cc1ccccc1)\OC","InChI=1S/C9H11NO/c1-11-9(10)7-8-5-3-2-4-6-8/h2-6,10H,7H2,1H3","GKRCMFSWPXMFMA-UHFFFAOYSA-N"
453398,"3-Phenyloxazolidine",149.084061,"C9H11NO","c1ccc(cc1)N2CCOC2","InChI=1S/C9H11NO/c1-2-4-9(5-3-1)10-6-7-11-8-10/h1-5H,6-8H2","ITSRLVMSQHOSEC-UHFFFAOYSA-N"
462001,"N-Methoxy-1-phenylethanimine",149.084061,"C9H11NO","CC(=NOC)c1ccccc1","InChI=1S/C9H11NO/c1-8(10-11-2)9-6-4-3-5-7-9/h3-7H,1-2H3","FRRKMGKUCIICOM-UHFFFAOYSA-N"
465504,"3-(Allyloxy)-2-methylpyridine ",149.084061,"C9H11NO","Cc1c(cccn1)OCC=C","InChI=1S/C9H11NO/c1-3-7-11-9-5-4-6-10-8(9)2/h3-6H,1,7H2,2H3","GDNTUVBHZQPXAF-UHFFFAOYSA-N"
507724,"2-(2,3-Dimethyl-2-oxiranyl)pyridine ",149.084061,"C9H11NO","CC1C(O1)(C)c2ccccn2","InChI=1S/C9H11NO/c1-7-9(2,11-7)8-5-3-4-6-10-8/h3-7H,1-2H3","ZBXZFHMLUVEWDX-UHFFFAOYSA-N"
513631,"9-Azabicyclo[3.3.1]nona-2,6-diene-9-carbaldehyde",149.084061,"C9H11NO","C1C=CC2CC=CC1N2C=O","InChI=1S/C9H11NO/c11-7-10-8-3-1-4-9(10)6-2-5-8/h1-3,6-9H,4-5H2","CONIDGIKADCQTB-UHFFFAOYSA-N"
513700,"9-Azabicyclo[4.2.1]nona-2,4-diene-9-carbaldehyde",149.084061,"C9H11NO","C1CC2C=CC=CC1N2C=O","InChI=1S/C9H11NO/c11-7-10-8-3-1-2-4-9(10)6-5-8/h1-4,7-9H,5-6H2","KCJXPTVMHWTPFQ-UHFFFAOYSA-N"
513739,"2,7-Dimethyl-2,3-dihydrofuro(2,3-c)pyridine",149.084061,"C9H11NO","Cc1c2c(ccn1)CC(O2)C","InChI=1S/C9H11NO/c1-6-5-8-3-4-10-7(2)9(8)11-6/h3-4,6H,5H2,1-2H3","HYGDMNXVKZTRNN-UHFFFAOYSA-N"
1554523,"1-(4-Ethylphenyl)-N-hydroxymethanimine",149.084061,"C9H11NO","CCc1ccc(cc1)C=NO","InChI=1S/C9H11NO/c1-2-8-3-5-9(6-4-8)7-10-11/h3-7,11H,2H2,1H3","DCBIVYBFOCPTQI-UHFFFAOYSA-N"
2044604,"N-Methyl-N-(4-methylbenzylidene)amine oxide",149.084061,"C9H11NO","Cc1ccc(cc1)C=[N+](C)[O-]","InChI=1S/C9H11NO/c1-8-3-5-9(6-4-8)7-10(2)11/h3-7H,1-2H3","QZJWIZSRELSJQP-UHFFFAOYSA-N"
2075829,"1-Amino-1-phenylacetone",149.084061,"C9H11NO","CC(=O)C(c1ccccc1)N","InChI=1S/C9H11NO/c1-7(11)9(10)8-5-3-2-4-6-8/h2-6,9H,10H2,1H3","FSTYOUCNSTZVDF-UHFFFAOYSA-N"
2334404,"(4E)-3-Ethyl-4-imino-5-methyl-2,5-cyclohexadien-1-one",149.084061,"C9H11NO","[H]/N=C/1\C(=CC(=O)C=C1CC)C","InChI=1S/C9H11NO/c1-3-7-5-8(11)4-6(2)9(7)10/h4-5,10H,3H2,1-2H3","SZODJRRNURLJNT-UHFFFAOYSA-N"
2341776,"N-Methyl-N-(3-methylphenyl)formamide",149.084061,"C9H11NO","Cc1cccc(c1)N(C)C=O","InChI=1S/C9H11NO/c1-8-4-3-5-9(6-8)10(2)7-11/h3-7H,1-2H3","UYOMRYDVEWMNHQ-UHFFFAOYSA-N"
2350556,"4-(4-Pyridinyl)-3-buten-2-ol",149.084061,"C9H11NO","CC(C=Cc1ccncc1)O","InChI=1S/C9H11NO/c1-8(11)2-3-9-4-6-10-7-5-9/h2-8,11H,1H3","PTUMRDMEAMXLMC-UHFFFAOYSA-N"
3377433,"N-(3,5-Dimethylphenyl)formamide",149.084061,"C9H11NO","Cc1cc(cc(c1)NC=O)C","InChI=1S/C9H11NO/c1-7-3-8(2)5-9(4-7)10-6-11/h3-6H,1-2H3,(H,10,11)","LCESSMQSEVZGFQ-UHFFFAOYSA-N"
3402271,"1-(2,4-Dimethylphenyl)-N-hydroxymethanimine",149.084061,"C9H11NO","Cc1ccc(c(c1)C)C=NO","InChI=1S/C9H11NO/c1-7-3-4-9(6-10-11)8(2)5-7/h3-6,11H,1-2H3","ZXOXSHIAPHLSAV-UHFFFAOYSA-N"
3639143,"1-(2,6-Dimethylphenyl)-N-hydroxymethanimine",149.084061,"C9H11NO","Cc1cccc(c1C=NO)C","InChI=1S/C9H11NO/c1-7-4-3-5-8(2)9(7)6-10-11/h3-6,11H,1-2H3","NCDRLKCHBVXWEL-UHFFFAOYSA-N"
3878024,"1-(1H-Pyrrol-2-yl)-1-penten-3-one",149.084061,"C9H11NO","CCC(=O)C=Cc1ccc[nH]1","InChI=1S/C9H11NO/c1-2-9(11)6-5-8-4-3-7-10-8/h3-7,10H,2H2,1H3","ABMGJRLTLOPEPO-UHFFFAOYSA-N"
4254870,"N-Hydroxy-1-(3-methylphenyl)ethanimine",149.084061,"C9H11NO","Cc1cccc(c1)C(=NO)C","InChI=1S/C9H11NO/c1-7-4-3-5-9(6-7)8(2)10-11/h3-6,11H,1-2H3","NTOAVKFMIIVSOW-UHFFFAOYSA-N"
4335951,"N-Hydroxy-3-phenyl-1-propanimine",149.084061,"C9H11NO","c1ccc(cc1)CCC=NO","InChI=1S/C9H11NO/c11-10-8-4-7-9-5-2-1-3-6-9/h1-3,5-6,8,11H,4,7H2","WSTRHGOVAOUOJW-UHFFFAOYSA-N"
4474569,"7-Methyl-6,7-dihydro-5H-cyclopenta[c]pyridin-6-ol",149.084061,"C9H11NO","CC1c2cnccc2CC1O","InChI=1S/C9H11NO/c1-6-8-5-10-3-2-7(8)4-9(6)11/h2-3,5-6,9,11H,4H2,1H3","IOIGOIPHPUCFOB-UHFFFAOYSA-N"
4482476,"3-Methyl-5,6-dihydro-7(8H)-indolizinone",149.084061,"C9H11NO","Cc1ccc2n1CCC(=O)C2","InChI=1S/C9H11NO/c1-7-2-3-8-6-9(11)4-5-10(7)8/h2-3H,4-6H2,1H3","CRSMOVHFAKLWRZ-UHFFFAOYSA-N"
4519773,"2-Methoxy-8-methylazocine",149.084061,"C9H11NO","C/C/1=C/C=C\C=C/C(=N1)/OC","InChI=1S/C9H11NO/c1-8-6-4-3-5-7-9(10-8)11-2/h3-7H,1-2H3/b4-3-,5-3?,6-4?,7-5-,8-6-,9-7?,10-8?,10-9+","KRVLDSVVRVWFHJ-JMKWLEERSA-N"
4616569,"4-[(Ethylamino)methylene]-2,5-cyclohexadien-1-one",149.084061,"C9H11NO","CCNC=C1C=CC(=O)C=C1","InChI=1S/C9H11NO/c1-2-10-7-8-3-5-9(11)6-4-8/h3-7,10H,2H2,1H3","PFNSWDQRPQZFPP-UHFFFAOYSA-N"
4626096,"(Z)-1-(4-Ethylphenyl)-N-hydroxymethanimine",149.084061,"C9H11NO","CCc1ccc(cc1)/C=N\O","InChI=1S/C9H11NO/c1-2-8-3-5-9(6-4-8)7-10-11/h3-7,11H,2H2,1H3/b10-7-","DCBIVYBFOCPTQI-YFHOEESVSA-N"
4835295,"(1E)-1-(1H-Pyrrol-2-yl)-1-penten-3-one",149.084061,"C9H11NO","O=C(\C=C\c1cccn1)CC","InChI=1S/C9H11NO/c1-2-9(11)6-5-8-4-3-7-10-8/h3-7,10H,2H2,1H3/b6-5+","ABMGJRLTLOPEPO-AATRIKPKSA-N"
4898653,"(1Z)-N-Methoxy-1-phenylethanimine",149.084061,"C9H11NO","C/C(=N/OC)/c1ccccc1","InChI=1S/C9H11NO/c1-8(10-11-2)9-6-4-3-5-7-9/h3-7H,1-2H3/b10-8-","FRRKMGKUCIICOM-NTMALXAHSA-N"
4905000,"N-Methyl-N-[(E)-(4-methylphenyl)methylene]amine oxide",149.084061,"C9H11NO","Cc1ccc(cc1)/C=[N+](\C)/[O-]","InChI=1S/C9H11NO/c1-8-3-5-9(6-4-8)7-10(2)11/h3-7H,1-2H3/b10-7+","QZJWIZSRELSJQP-JXMROGBWSA-N"
4934224,"2,3,6,7-tetrahydro-cyclopent[b]azepin-8(1H)-one",149.084061,"C9H11NO","C1CNC2=C(CCC2=O)C=C1","InChI=1S/C9H11NO/c11-8-5-4-7-3-1-2-6-10-9(7)8/h1,3,10H,2,4-6H2","HGKSXIDVUZUHNI-UHFFFAOYSA-N"
5427643,"N-[(1S)-1-Phenylethyl]formamide",149.084061,"C9H11NO","O=CN[C@H](c1ccccc1)C","InChI=1S/C9H11NO/c1-8(10-7-11)9-5-3-2-4-6-9/h2-8H,1H3,(H,10,11)/t8-/m0/s1","CDHCCWRMWKZBGE-QMMMGPOBSA-N"
5471613,"1-[(2R)-2,3-Dihydro-1-benzofuran-2-yl]methanamine",149.084061,"C9H11NO","O2c1ccccc1C[C@@H]2CN","InChI=1S/C9H11NO/c10-6-8-5-7-3-1-2-4-9(7)11-8/h1-4,8H,5-6,10H2/t8-/m1/s1","ASPSZCAHOMXPBE-MRVPVSSYSA-N"
5471615,"1-[(2S)-2,3-Dihydro-1-benzofuran-2-yl]methanamine",149.084061,"C9H11NO","O2c1ccccc1C[C@H]2CN","InChI=1S/C9H11NO/c10-6-8-5-7-3-1-2-4-9(7)11-8/h1-4,8H,5-6,10H2/t8-/m0/s1","ASPSZCAHOMXPBE-QMMMGPOBSA-N"
7875438,"(1E)-N-Hydroxy-1-(2-methylphenyl)ethanimine",149.084061,"C9H11NO","N(/O)=C(\c1ccccc1C)C","InChI=1S/C9H11NO/c1-7-5-3-4-6-9(7)8(2)10-11/h3-6,11H,1-2H3/b10-8+","VSJKFVUSFMENIX-CSKARUKUSA-N"
7876430,"p-Tolualdehyde, O-methyloxime",149.084061,"C9H11NO","N(/OC)=C\c1ccc(cc1)C","InChI=1S/C9H11NO/c1-8-3-5-9(6-4-8)7-10-11-2/h3-7H,1-2H3/b10-7+","UCYSOTAMOJUSJH-JXMROGBWSA-N"
7876794,"(E)-1-(2,3-Dimethylphenyl)-N-hydroxymethanimine",149.084061,"C9H11NO","O\N=C\c1cccc(c1C)C","InChI=1S/C9H11NO/c1-7-4-3-5-9(6-10-11)8(7)2/h3-6,11H,1-2H3/b10-6+","RHWIVIOMXHLSHJ-UXBLZVDNSA-N"
7877323,"(E)-N-Ethoxy-1-phenylmethanimine",149.084061,"C9H11NO","O(\N=C\c1ccccc1)CC","InChI=1S/C9H11NO/c1-2-11-10-8-9-6-4-3-5-7-9/h3-8H,2H2,1H3/b10-8+","YDDVBEKWFTVFQP-CSKARUKUSA-N"
7880780,"(1E)-N-Hydroxy-1-(3-methylphenyl)ethanimine",149.084061,"C9H11NO","N(/O)=C(\c1cc(ccc1)C)C","InChI=1S/C9H11NO/c1-7-4-3-5-9(6-7)8(2)10-11/h3-6,11H,1-2H3/b10-8+","NTOAVKFMIIVSOW-CSKARUKUSA-N"
8164990,"[(2R,3R)-3-phenyloxiran-2-yl]methanamine",149.084061,"C9H11NO","O2[C@H](c1ccccc1)[C@H]2CN","InChI=1S/C9H11NO/c10-6-8-9(11-8)7-4-2-1-3-5-7/h1-5,8-9H,6,10H2/t8-,9-/m1/s1","HHGZCFDVFNFNLX-RKDXNWHRSA-N"
8256093,"(1R,5S)-Tricyclo[3.3.0.0~2,4~]oct-2(4)-ene-3-carboxamide",149.084061,"C9H11NO","O=C(N)C/1C\2=C\1[C@H]3[C@@H]/2CCC3","InChI=1S/C9H11NO/c10-9(11)8-6-4-2-1-3-5(4)7(6)8/h4-5,8H,1-3H2,(H2,10,11)/t4-,5+,8?","JBBJQLHUUWOHGY-WSUMQKFRSA-N"
8256094,"2,8-Nonadiynamide",149.084061,"C9H11NO","O=C(C#CCCCCC#C)N","InChI=1S/C9H11NO/c1-2-3-4-5-6-7-8-9(10)11/h1H,3-6H2,(H2,10,11)","CFOSLXMGHQVUOF-UHFFFAOYSA-N"
8278846,"N-ethyl-1-phenyl-methanimine oxide",149.084061,"C9H11NO","[O-]\[N+](=C/c1ccccc1)CC","InChI=1S/C9H11NO/c1-2-10(11)8-9-6-4-3-5-7-9/h3-8H,2H2,1H3/b10-8-","KQXUDDURHJGYCH-NTMALXAHSA-N"
8436720,"(R)-[(2S)-aziridin-2-yl]-phenyl-methanol",149.084061,"C9H11NO","O[C@H](c1ccccc1)[C@H]2NC2","InChI=1S/C9H11NO/c11-9(8-6-10-8)7-4-2-1-3-5-7/h1-5,8-11H,6H2/t8-,9+/m0/s1","CPYOTMKLOFBUBA-DTWKUNHWSA-N"
8550045,"N-Allyl-N-hydroxyaniline",149.084061,"C9H11NO","ON(c1ccccc1)C\C=C","InChI=1S/C9H11NO/c1-2-8-10(11)9-6-4-3-5-7-9/h2-7,11H,1,8H2","XLIYXGRLXYCYTG-UHFFFAOYSA-N"
8782271,"(2S,3R)-2-Phenyl-3-azetidinol",149.084061,"C9H11NO","O[C@H]2[C@H](c1ccccc1)NC2","InChI=1S/C9H11NO/c11-8-6-10-9(8)7-4-2-1-3-5-7/h1-5,8-11H,6H2/t8-,9+/m1/s1","DABKYHXVYXFLLS-BDAKNGLRSA-N"
8782272,"N-(2-Propyn-1-yl)-5-hexynamide",149.084061,"C9H11NO","O=C(NCC#C)CCCC#C","InChI=1S/C9H11NO/c1-3-5-6-7-9(11)10-8-4-2/h1-2H,5-8H2,(H,10,11)","HOOZBKGYGJISDK-UHFFFAOYSA-N"
8806035,"N-(3-Butyn-1-yl)-4-pentynamide",149.084061,"C9H11NO","O=C(NCCC#C)CCC#C","InChI=1S/C9H11NO/c1-3-5-7-9(11)10-8-6-4-2/h1-2H,5-8H2,(H,10,11)","JVIITLYHFCSROD-UHFFFAOYSA-N"
8853747,"(3S)-3-Amino-4-indanol",149.084061,"C9H11NO","Oc1cccc2c1[C@@H](N)CC2","InChI=1S/C9H11NO/c10-7-5-4-6-2-1-3-8(11)9(6)7/h1-3,7,11H,4-5,10H2/t7-/m0/s1","MAYMVHAVYDCEHG-ZETCQYMHSA-N"
8900841,"1-(1H-pyrrol-2-yl)pent-4-en-1-one",149.084061,"C9H11NO","O=C(c1cccn1)CC\C=C","InChI=1S/C9H11NO/c1-2-3-6-9(11)8-5-4-7-10-8/h2,4-5,7,10H,1,3,6H2","UIZUXJVKWOZKAW-UHFFFAOYSA-N"
9041788,"(2R,7aS)-2-Vinyl-1,2,5,7a-tetrahydro-3H-pyrrolizin-3-one",149.084061,"C9H11NO","C=C[C@H]1C[C@H]2C=CCN2C1=O","InChI=1S/C9H11NO/c1-2-7-6-8-4-3-5-10(8)9(7)11/h2-4,7-8H,1,5-6H2/t7-,8+/m0/s1","WNMDODYLXSPCCQ-JGVFFNPUSA-N"
9041789,"2-[(Allyloxy)methyl]pyridine",149.084061,"C9H11NO","C=CCOCC1=CC=CC=N1","InChI=1S/C9H11NO/c1-2-7-11-8-9-5-3-4-6-10-9/h2-6H,1,7-8H2","PIKCLGCZOXYUGY-UHFFFAOYSA-N"
9052556,"(1S)-1-(4-Vinyl-3-pyridinyl)ethanol",149.084061,"C9H11NO","C[C@@H](C1=C(C=CN=C1)C=C)O","InChI=1S/C9H11NO/c1-3-8-4-5-10-6-9(8)7(2)11/h3-7,11H,1H2,2H3/t7-/m0/s1","FZBRZWLORRMBRL-ZETCQYMHSA-N"
9052557,"3-[2-(2-Oxiranyl)ethyl]pyridine",149.084061,"C9H11NO","C1C(O1)CCC2=CN=CC=C2","InChI=1S/C9H11NO/c1-2-8(6-10-5-1)3-4-9-7-11-9/h1-2,5-6,9H,3-4,7H2","VEKTVECCRMXHAI-UHFFFAOYSA-N"
9063338,"1-(2-Pyridinyl)-3-buten-1-ol",149.084061,"C9H11NO","OC(c1ncccc1)C\C=C","InChI=1S/C9H11NO/c1-2-5-9(11)8-6-3-4-7-10-8/h2-4,6-7,9,11H,1,5H2","CITJKEXGKDUPEL-UHFFFAOYSA-N"
9074117,"(1R,2R)-2-Amino-1-indanol",149.084061,"C9H11NO","O[C@@H]2c1ccccc1C[C@H]2N","InChI=1S/C9H11NO/c10-8-5-6-3-1-2-4-7(6)9(8)11/h1-4,8-9,11H,5,10H2/t8-,9-/m1/s1","HRWCWYGWEVVDLT-RKDXNWHRSA-N"
9106833,"3,3-Dimethyl-2,3-dihydrofuro[2,3-b]pyridine",149.084061,"C9H11NO","n1cccc2c1OCC2(C)C","InChI=1S/C9H11NO/c1-9(2)6-11-8-7(9)4-3-5-10-8/h3-5H,6H2,1-2H3","JJPUOMQZIPJIMN-UHFFFAOYSA-N"
9139881,"6-Acetyl-1-cyclohexene-1-carbonitrile",149.084061,"C9H11NO","O=C(C1C(\C#N)=C/CCC1)C","InChI=1S/C9H11NO/c1-7(11)9-5-3-2-4-8(9)6-10/h4,9H,2-3,5H2,1H3","XFYBNYBTIJHBTF-UHFFFAOYSA-N"
9150855,"3-(1-Vinyl-1H-pyrrol-3-yl)propanal",149.084061,"C9H11NO","O=CCCc1ccn(\C=C)c1","InChI=1S/C9H11NO/c1-2-10-6-5-9(8-10)4-3-7-11/h2,5-8H,1,3-4H2","QRRQZIWLYWQLLO-UHFFFAOYSA-N"
9161602,"2-Methyl-2-(2-pyridinyl)propanal",149.084061,"C9H11NO","CC(C)(c1ccccn1)C=O","InChI=1S/C9H11NO/c1-9(2,7-11)8-5-3-4-6-10-8/h3-7H,1-2H3","WWQGSIYNKDYZKM-UHFFFAOYSA-N"
9172394,"N-Methyl-N-[(E)-(2-methylphenyl)methylene]amine oxide",149.084061,"C9H11NO","Cc1ccccc1C=[N+](C)[O-]","InChI=1S/C9H11NO/c1-8-5-3-4-6-9(8)7-10(2)11/h3-7H,1-2H3","SZCGVKIAFPQVOY-UHFFFAOYSA-N"
9172395,"N-Benzyl-N-methylformamide",149.084061,"C9H11NO","CN(C=O)Cc1ccccc1","InChI=1S/C9H11NO/c1-10(8-11)7-9-5-3-2-4-6-9/h2-6,8H,7H2,1H3","ACVHDOLKAPAIGB-UHFFFAOYSA-N"
9183267,"(1S,2R)-2-Amino-1-indanol",149.084061,"C9H11NO","c1ccc2c(c1)CC(C2O)N","InChI=1S/C9H11NO/c10-8-5-6-3-1-2-4-7(6)9(8)11/h1-4,8-9,11H,5,10H2","HRWCWYGWEVVDLT-UHFFFAOYSA-N"
9183268,"4-Methyl-3,4-dihydro-2H-pyrano[3,2-b]pyridine",149.084061,"C9H11NO","CC1CCOc2c1nccc2","InChI=1S/C9H11NO/c1-7-4-6-11-8-3-2-5-10-9(7)8/h2-3,5,7H,4,6H2,1H3","LPTKNKRCUZFOGS-UHFFFAOYSA-N"
9205168,"1-(2-Methyl-2-propen-1-yl)-1H-pyrrole-2-carbaldehyde",149.084061,"C9H11NO","O=Cc1cccn1C\C(=C)C","InChI=1S/C9H11NO/c1-8(2)6-10-5-3-4-9(10)7-11/h3-5,7H,1,6H2,2H3","KSMAUAGBEZPJAO-UHFFFAOYSA-N"
9216029,"(2Z)-3-(2-Aminophenyl)-2-propen-1-ol",149.084061,"C9H11NO","OC/C=C\c1ccccc1N","InChI=1S/C9H11NO/c10-9-6-2-1-4-8(9)5-3-7-11/h1-6,11H,7,10H2/b5-3-","MNWRXKPXEPZBNB-HYXAFXHYSA-N"
9226995,"2,4,6-Trimethylnicotinaldehyde",149.084061,"C9H11NO","O=Cc1c(cc(nc1C)C)C","InChI=1S/C9H11NO/c1-6-4-7(2)10-8(3)9(6)5-11/h4-5H,1-3H3","BFYCFODZOFWWAA-UHFFFAOYSA-N"
9237693,"1-(3-Buten-2-yl)-1H-pyrrole-2-carbaldehyde",149.084061,"C9H11NO","CC(C=C)n1cccc1C=O","InChI=1S/C9H11NO/c1-3-8(2)10-6-4-5-9(10)7-11/h3-8H,1H2,2H3","CKFHVJUQIHYLPI-UHFFFAOYSA-N"
9237694,"3,3-Dimethyl-2,3-dihydrofuro[2,3-c]pyridine",149.084061,"C9H11NO","CC2(C)COc1cnccc12","InChI=1S/C9H11NO/c1-9(2)6-11-8-5-10-4-3-7(8)9/h3-5H,6H2,1-2H3","XPIFGTFMUSQIJL-UHFFFAOYSA-N"
9248731,"(5E)-5-[(Dimethylamino)methylene]-1,3-cyclopentadiene-1-carbaldehyde",149.084061,"C9H11NO","CN(C)\C=C1/C=C\C=C1\C=O","InChI=1S/C9H11NO/c1-10(2)6-8-4-3-5-9(8)7-11/h3-7H,1-2H3/b8-6+","ZWVCMKOHXSQZML-SOFGYWHQSA-N"
9259189,"2-(1-Vinyl-1H-pyrrol-3-yl)propanal",149.084061,"C9H11NO","CC(C=O)c1ccn(c1)C=C","InChI=1S/C9H11NO/c1-3-10-5-4-9(6-10)8(2)7-11/h3-8H,1H2,2H3","RMRHYGYAAMNFNX-UHFFFAOYSA-N"
9259190,"(6Z)-6-[1-(Methylamino)ethylidene]-2,4-cyclohexadien-1-one",149.084061,"C9H11NO","O=C1/C=C\C=C/C1=C(\C)NC","InChI=1S/C9H11NO/c1-7(10-2)8-5-3-4-6-9(8)11/h3-6,10H,1-2H3/b8-7-","SZFIAHGQMIZDGA-FPLPWBNLSA-N"
9291353,"(S)-(2S)-2-Aziridinyl(phenyl)methanol",149.084061,"C9H11NO","O[C@@H](c1ccccc1)[C@H]2NC2","InChI=1S/C9H11NO/c11-9(8-6-10-8)7-4-2-1-3-5-7/h1-5,8-11H,6H2/t8-,9-/m0/s1","CPYOTMKLOFBUBA-IUCAKERBSA-N"
9301550,"(1S,4R)-2-Allyl-2-azabicyclo[2.2.1]hept-5-en-3-one",149.084061,"C9H11NO","O=C1N(C/C=C)[C@@H]2\C=C/[C@H]1C2","InChI=1S/C9H11NO/c1-2-5-10-8-4-3-7(6-8)9(10)11/h2-4,7-8H,1,5-6H2/t7-,8+/m0/s1","XIUKDZIPNCEFJT-JGVFFNPUSA-N"
9334497,"2-Methyl-2,3-dihydro-1H-pyrrolizine-7-carbaldehyde",149.084061,"C9H11NO","O=Cc1ccn2c1CC(C)C2","InChI=1S/C9H11NO/c1-7-4-9-8(6-11)2-3-10(9)5-7/h2-3,6-7H,4-5H2,1H3","UCKREUMKNJPYEU-UHFFFAOYSA-N"
9334498,"[(1E)-3-(Aminooxy)-1-propen-1-yl]benzene",149.084061,"C9H11NO","O(N)C/C=C/c1ccccc1","InChI=1S/C9H11NO/c10-11-8-4-7-9-5-2-1-3-6-9/h1-7H,8,10H2/b7-4+","LNDQCUFUWOQFTL-QPJJXVBHSA-N"
9346155,"1-(3-Phenyl-2-oxiranyl)methanamine",149.084061,"C9H11NO","O2C(c1ccccc1)C2CN","InChI=1S/C9H11NO/c10-6-8-9(11-8)7-4-2-1-3-5-7/h1-5,8-9H,6,10H2","HHGZCFDVFNFNLX-UHFFFAOYSA-N"
9380916,"(1R,2S)-2-Amino-1-indanol",149.084061,"C9H11NO","O[C@@H]2c1ccccc1C[C@@H]2N","InChI=1S/C9H11NO/c10-8-5-6-3-1-2-4-7(6)9(8)11/h1-4,8-9,11H,5,10H2/t8-,9+/m0/s1","HRWCWYGWEVVDLT-DTWKUNHWSA-N"
9403930,"(2E)-3-(4-Aminophenyl)-2-propen-1-ol",149.084061,"C9H11NO","OC/C=C/c1ccc(N)cc1","InChI=1S/C9H11NO/c10-9-5-3-8(4-6-9)2-1-7-11/h1-6,11H,7,10H2/b2-1+","WQXGKIRAARPVJD-OWOJBTEDSA-N"
9461548,"3,4-Dihydro-2(1H)-isoquinolinol",149.084061,"C9H11NO","ON2Cc1c(cccc1)CC2","InChI=1S/C9H11NO/c11-10-6-5-8-3-1-2-4-9(8)7-10/h1-4,11H,5-7H2","HZXSZOULACLJIN-UHFFFAOYSA-N"
9473032,"3-(1-Hydroxycyclohexyl)-2-propynenitrile",149.084061,"C9H11NO","N#CC#CC1(O)CCCCC1","InChI=1S/C9H11NO/c10-8-4-7-9(11)5-2-1-3-6-9/h11H,1-3,5-6H2","IKARZFUSMCBXTC-UHFFFAOYSA-N"
9495988,"2-(3-Methoxy-1-propyn-1-yl)-1-methyl-1H-pyrrole",149.084061,"C9H11NO","C(#Cc1cccn1C)COC","InChI=1S/C9H11NO/c1-10-7-3-5-9(10)6-4-8-11-2/h3,5,7H,8H2,1-2H3","VXHLURWLPMFHRE-UHFFFAOYSA-N"
9542002,"(1S)-1-(3-Pyridinyl)-3-buten-1-ol",149.084061,"C9H11NO","O[C@H](c1cccnc1)C\C=C","InChI=1S/C9H11NO/c1-2-4-9(11)8-5-3-6-10-7-8/h2-3,5-7,9,11H,1,4H2/t9-/m0/s1","NRXCONFJQGCIBF-VIFPVBQESA-N"
9598557,"5-Methyl-6,7-dihydro-8(5H)-indolizinone",149.084061,"C9H11NO","O=C2c1cccn1C(CC2)C","InChI=1S/C9H11NO/c1-7-4-5-9(11)8-3-2-6-10(7)8/h2-3,6-7H,4-5H2,1H3","ORGIZWJJGUHOMB-UHFFFAOYSA-N"
9621289,"1,6,9,9a-Tetrahydro-4H-quinolizin-4-one",149.084061,"C9H11NO","O=C1\C=C/CC2N1C\C=C/C2","InChI=1S/C9H11NO/c11-9-6-3-5-8-4-1-2-7-10(8)9/h1-3,6,8H,4-5,7H2","LHIBPDSOZSKUJP-UHFFFAOYSA-N"
9643984,"1-Methyl-1,3-dihydro-2H-isoindol-2-ol",149.084061,"C9H11NO","ON2C(c1ccccc1C2)C","InChI=1S/C9H11NO/c1-7-9-5-3-2-4-8(9)6-10(7)11/h2-5,7,11H,6H2,1H3","IWCFZFUJSSGCAS-UHFFFAOYSA-N"
9775452,"2-(3-Isocyanopropyl)-5-methylfuran",149.084061,"C9H11NO","CC1=CC=C(O1)CCC[N+]#[C-]","InChI=1S/C9H11NO/c1-8-5-6-9(11-8)4-3-7-10-2/h5-6H,3-4,7H2,1H3","HWWRKWQSNCOIKQ-UHFFFAOYSA-N"
9919497,"1-Methyl-1,4,5,6-tetrahydro-7H-indol-7-one",149.084061,"C9H11NO","CN1C=CC2=C1C(=O)CCC2","InChI=1S/C9H11NO/c1-10-6-5-7-3-2-4-8(11)9(7)10/h5-6H,2-4H2,1H3","PRHGWZFYDVSVJU-UHFFFAOYSA-N"
9919498,"3-Methyl-2,5,6,7-tetrahydro-4H-isoindol-4-one",149.084061,"C9H11NO","O=C2c1c(ncc1CCC2)C","InChI=1S/C9H11NO/c1-6-9-7(5-10-6)3-2-4-8(9)11/h5,10H,2-4H2,1H3","HOJHBXQJPYLKCU-UHFFFAOYSA-N"
9990593,"4-Ethynyl-4-hydroxycyclohexanecarbonitrile",149.084061,"C9H11NO","C#CC1(CCC(CC1)C#N)O","InChI=1S/C9H11NO/c1-2-9(11)5-3-8(7-10)4-6-9/h1,8,11H,3-6H2","OULYCWSASBCALP-UHFFFAOYSA-N"
10135604,"1-Allyl-4-methyl-2(1H)-pyridinone",149.084061,"C9H11NO","Cc1ccn(c(=O)c1)CC=C","InChI=1S/C9H11NO/c1-3-5-10-6-4-8(2)7-9(10)11/h3-4,6-7H,1,5H2,2H3","XNXNTYDXPGLMJT-UHFFFAOYSA-N"
10143771,"5-Ethenyl-2-pyridineethanol",149.084061,"C9H11NO","C=Cc1ccc(nc1)CCO","InChI=1S/C9H11NO/c1-2-8-3-4-9(5-6-11)10-7-8/h2-4,7,11H,1,5-6H2","RDDTWVGYAHLVOK-UHFFFAOYSA-N"
10218865,"(2Z)-N-Hydroxy-1-phenyl-2-propanimine",149.084061,"C9H11NO","C/C(=N/O)/Cc1ccccc1","InChI=1S/C9H11NO/c1-8(10-11)7-9-5-3-2-4-6-9/h2-6,11H,7H2,1H3/b10-8-","AUYFJUMCPAMOKN-NTMALXAHSA-N"
10266948,"1-(5-Isopropenyl-1H-pyrrol-3-yl)ethanone",149.084061,"C9H11NO","CC(=C)c1cc(c[nH]1)C(=O)C","InChI=1S/C9H11NO/c1-6(2)9-4-8(5-10-9)7(3)11/h4-5,10H,1H2,2-3H3","RUOWUAABYLAWEG-UHFFFAOYSA-N"
10299801,"(2R)-2-Phenylpropanamide",149.084061,"C9H11NO","C[C@H](c1ccccc1)C(=O)N","InChI=1S/C9H11NO/c1-7(9(10)11)8-5-3-2-4-6-8/h2-7H,1H3,(H2,10,11)/t7-/m1/s1","DOZZSWAOPDYVLH-SSDOTTSWSA-N"
10375100,"3,3-Dimethyl-1,3-dihydrofuro[3,4-c]pyridine",149.084061,"C9H11NO","CC1(c2cnccc2CO1)C","InChI=1S/C9H11NO/c1-9(2)8-5-10-4-3-7(8)6-11-9/h3-5H,6H2,1-2H3","ZAORGRCJVDRJMS-UHFFFAOYSA-N"
10383842,"1-(4-Ethyl-3-pyridinyl)ethanone",149.084061,"C9H11NO","CCc1ccncc1C(=O)C","InChI=1S/C9H11NO/c1-3-8-4-5-10-6-9(8)7(2)11/h4-6H,3H2,1-2H3","XTHPHCBLHLOEID-UHFFFAOYSA-N"
10416133,"1-(2,4-Dimethyl-3-pyridinyl)ethanone",149.084061,"C9H11NO","Cc1ccnc(c1C(=O)C)C","InChI=1S/C9H11NO/c1-6-4-5-10-7(2)9(6)8(3)11/h4-5H,1-3H3","FNORSQLYUJUNHV-UHFFFAOYSA-N"
10500292,"5-Phenyl-1,3-oxazolidine",149.084061,"C9H11NO","c1ccc(cc1)C2CNCO2","InChI=1S/C9H11NO/c1-2-4-8(5-3-1)9-6-10-7-11-9/h1-5,9-10H,6-7H2","HGRPZJNLVMLELR-UHFFFAOYSA-N"
10558329,"1-(4-Ethyl-2-pyridinyl)ethanone",149.084061,"C9H11NO","O=C(C)c1cc(CC)ccn1","InChI=1S/C9H11NO/c1-3-8-4-5-10-9(6-8)7(2)11/h4-6H,3H2,1-2H3","DEGKNYBGTWJELS-UHFFFAOYSA-N"
10570219,"7-Chromanamine",149.084061,"C9H11NO","Nc1ccc2CCCOc2c1","InChI=1S/C9H11NO/c10-8-4-3-7-2-1-5-11-9(7)6-8/h3-4,6H,1-2,5,10H2","SPTKRFYLJBPEBL-UHFFFAOYSA-N"
10578147,"2-(N-Methylethanimidoyl)phenol",149.084061,"C9H11NO","Oc1ccccc1C(\C)=N\C","InChI=1S/C9H11NO/c1-7(10-2)8-5-3-4-6-9(8)11/h3-6,11H,1-2H3/b10-7+","ZTFWAKPIMFYDAO-JXMROGBWSA-N"
10729332,"4-(4-Pyridinyl)-2-butanone",149.084061,"C9H11NO","CC(=O)CCc1ccncc1","InChI=1S/C9H11NO/c1-8(11)2-3-9-4-6-10-7-5-9/h4-7H,2-3H2,1H3","FTFBFLRZEAZBAU-UHFFFAOYSA-N"
10777140,"Aminoindanol",149.084061,"C9H11NO","c1ccc2c(c1)CCC2(N)O","InChI=1S/C9H11NO/c10-9(11)6-5-7-3-1-2-4-8(7)9/h1-4,11H,5-6,10H2","HDXFCPZKMFTOLH-UHFFFAOYSA-N"
11375969,"1-[2-(Aminomethyl)phenyl]ethanone",149.084061,"C9H11NO","CC(=O)c1ccccc1CN","InChI=1S/C9H11NO/c1-7(11)9-5-3-2-4-8(9)6-10/h2-5H,6,10H2,1H3","ASYUIRPYOWFUHU-UHFFFAOYSA-N"
11492275,"2-Methyl-3a,7a-dihydro-1H-indol-5-ol",149.084061,"C9H11NO","CC1=CC2C=C(C=CC2N1)O","InChI=1S/C9H11NO/c1-6-4-7-5-8(11)2-3-9(7)10-6/h2-5,7,9-11H,1H3","IONJOGSUJQWFGN-UHFFFAOYSA-N"
11562742,"(E)-1-(3,5-Dimethylphenyl)-N-hydroxymethanimine",149.084061,"C9H11NO","Cc1cc(cc(c1)/C=N/O)C","InChI=1S/C9H11NO/c1-7-3-8(2)5-9(4-7)6-10-11/h3-6,11H,1-2H3/b10-6+","IZVOVGWUSRNAMC-UXBLZVDNSA-N"
11634530,"4-(Cyclopropyloxy)aniline",149.084061,"C9H11NO","c1cc(ccc1N)OC2CC2","InChI=1S/C9H11NO/c10-7-1-3-8(4-2-7)11-9-5-6-9/h1-4,9H,5-6,10H2","RANNTDOLEANZKL-UHFFFAOYSA-N"
13224001,"1-(3,5-Dimethyl-2-pyridinyl)ethanone",149.084061,"C9H11NO","Cc1cc(c(nc1)C(=O)C)C","InChI=1S/C9H11NO/c1-6-4-7(2)9(8(3)11)10-5-6/h4-5H,1-3H3","UQZDMUZXJFQIOP-UHFFFAOYSA-N"
13224062,"1-(3,4-Dimethyl-2-pyridinyl)ethanone",149.084061,"C9H11NO","Cc1ccnc(c1C)C(=O)C","InChI=1S/C9H11NO/c1-6-4-5-10-9(7(6)2)8(3)11/h4-5H,1-3H3","CTTNXBRQVFGEAR-UHFFFAOYSA-N"
13272399,"1-(3,5-Dimethyl-4-pyridinyl)ethanone",149.084061,"C9H11NO","Cc1cncc(c1C(=O)C)C","InChI=1S/C9H11NO/c1-6-4-10-5-7(2)9(6)8(3)11/h4-5H,1-3H3","ZKJBKKNRSCBIPT-UHFFFAOYSA-N"
13324956,"1-(4-Methyl-2-pyridinyl)-1-propanone",149.084061,"C9H11NO","CCC(=O)c1cc(ccn1)C","InChI=1S/C9H11NO/c1-3-9(11)8-6-7(2)4-5-10-8/h4-6H,3H2,1-2H3","OFTSDRMALRIGMV-UHFFFAOYSA-N"
13391081,"[1-(3-Pyridinyl)cyclopropyl]methanol",149.084061,"C9H11NO","c1cc(cnc1)C2(CC2)CO","InChI=1S/C9H11NO/c11-7-9(3-4-9)8-2-1-5-10-6-8/h1-2,5-6,11H,3-4,7H2","LTGLXQITFMSTLY-UHFFFAOYSA-N"
13499933,"2-Propylisonicotinaldehyde",149.084061,"C9H11NO","CCCc1cc(ccn1)C=O","InChI=1S/C9H11NO/c1-2-3-9-6-8(7-11)4-5-10-9/h4-7H,2-3H2,1H3","QCPFFDJKMZJPNS-UHFFFAOYSA-N"
13500036,"2-Isopropylisonicotinaldehyde",149.084061,"C9H11NO","CC(C)c1cc(ccn1)C=O","InChI=1S/C9H11NO/c1-7(2)9-5-8(6-11)3-4-10-9/h3-7H,1-2H3","WRQIKRPWFZURDT-UHFFFAOYSA-N"
13510476,"2-[(E)-(Ethylimino)methyl]phenol",149.084061,"C9H11NO","CC/N=C/c1ccccc1O","InChI=1S/C9H11NO/c1-2-10-7-8-5-3-4-6-9(8)11/h3-7,11H,2H2,1H3/b10-7+","SUCJTGMPGPJVNY-JXMROGBWSA-N"
13557668,"1-(4,6-Dimethyl-3-pyridinyl)ethanone",149.084061,"C9H11NO","Cc1cc(ncc1C(=O)C)C","InChI=1S/C9H11NO/c1-6-4-7(2)10-5-9(6)8(3)11/h4-5H,1-3H3","JSVYKRABSVRQRH-UHFFFAOYSA-N"
13588245,"5-Formylbicyclo[2.2.1]heptane-2-carbonitrile",149.084061,"C9H11NO","C1C2CC(C1CC2C#N)C=O","InChI=1S/C9H11NO/c10-4-8-2-7-1-6(8)3-9(7)5-11/h5-9H,1-3H2","ADBHRKSAERMERV-UHFFFAOYSA-N"
13588251,"6-Formylbicyclo[2.2.1]heptane-2-carbonitrile",149.084061,"C9H11NO","C1C2CC(C(C2)C1C=O)C#N","InChI=1S/C9H11NO/c10-4-7-1-6-2-8(5-11)9(7)3-6/h5-9H,1-3H2","IAVFMULQJJBATH-UHFFFAOYSA-N"
13636722,"2-Amino-1-(3-methylphenyl)ethanone",149.084061,"C9H11NO","Cc1cccc(c1)C(=O)CN","InChI=1S/C9H11NO/c1-7-3-2-4-8(5-7)9(11)6-10/h2-5H,6,10H2,1H3","OCHREGYEOMPRIT-UHFFFAOYSA-N"
13765916,"6-Isopropyl-2-pyridinecarbaldehyde",149.084061,"C9H11NO","CC(C)c1cccc(n1)C=O","InChI=1S/C9H11NO/c1-7(2)9-5-3-4-8(6-11)10-9/h3-7H,1-2H3","XIJAPDFFNVTTET-UHFFFAOYSA-N"
13811513,"7-Methyl-2,3-dihydro-1-benzofuran-6-amine",149.084061,"C9H11NO","Cc1c(ccc2c1OCC2)N","InChI=1S/C9H11NO/c1-6-8(10)3-2-7-4-5-11-9(6)7/h2-3H,4-5,10H2,1H3","GLKDIFFQNOVPHO-UHFFFAOYSA-N"
13819133,"3-(6-Methyl-2-pyridinyl)propanal",149.084061,"C9H11NO","Cc1cccc(n1)CCC=O","InChI=1S/C9H11NO/c1-8-4-2-5-9(10-8)6-3-7-11/h2,4-5,7H,3,6H2,1H3","RPTOMTBPGIMKNS-UHFFFAOYSA-N"
13819135,"3-(5-Methyl-2-pyridinyl)propanal",149.084061,"C9H11NO","Cc1ccc(nc1)CCC=O","InChI=1S/C9H11NO/c1-8-4-5-9(10-7-8)3-2-6-11/h4-7H,2-3H2,1H3","ZCULHURIBWCAEK-UHFFFAOYSA-N"
14123706,"2-Cyclopropyl-4-methylpyridine 1-oxide",149.084061,"C9H11NO","Cc1cc[n+](c(c1)C2CC2)[O-]","InChI=1S/C9H11NO/c1-7-4-5-10(11)9(6-7)8-2-3-8/h4-6,8H,2-3H2,1H3","LNSSNMBSRZJBRR-UHFFFAOYSA-N"
14135753,"1-Amino-3-phenylacetone",149.084061,"C9H11NO","c1ccc(cc1)CC(=O)CN","InChI=1S/C9H11NO/c10-7-9(11)6-8-4-2-1-3-5-8/h1-5H,6-7,10H2","GIGLHOJHLDZPTD-UHFFFAOYSA-N"
14251093,"3,4-Dihydro-1(2H)-quinolinol",149.084061,"C9H11NO","c1ccc2c(c1)CCCN2O","InChI=1S/C9H11NO/c11-10-7-3-5-8-4-1-2-6-9(8)10/h1-2,4,6,11H,3,5,7H2","MJFWGNPJOYNRGB-UHFFFAOYSA-N"
14594182,"2-Isopropenyl-6-methoxypyridine",149.084061,"C9H11NO","CC(=C)c1cccc(n1)OC","InChI=1S/C9H11NO/c1-7(2)8-5-4-6-9(10-8)11-3/h4-6H,1H2,2-3H3","RTMPZQXQMRZATG-UHFFFAOYSA-N"
14626534,"2-Methyl-2-(3-pyridinyl)propanal",149.084061,"C9H11NO","CC(C)(C=O)c1cccnc1","InChI=1S/C9H11NO/c1-9(2,7-11)8-4-3-5-10-6-8/h3-7H,1-2H3","AJKCNFBYBWCBNZ-UHFFFAOYSA-N"
14735549,"6-Isopropylnicotinaldehyde",149.084061,"C9H11NO","CC(C)c1ccc(cn1)C=O","InChI=1S/C9H11NO/c1-7(2)9-4-3-8(6-11)5-10-9/h3-7H,1-2H3","JWIPUXPJHVUROQ-UHFFFAOYSA-N"
14779029,"1-(2,3-Dihydro-1-benzofuran-3-yl)methanamine",149.084061,"C9H11NO","NCC2COc1ccccc12","InChI=1S/C9H11NO/c10-5-7-6-11-9-4-2-1-3-8(7)9/h1-4,7H,5-6,10H2","WUVYUJQJHJGINF-UHFFFAOYSA-N"
14958221,"(2-Methyl-5-vinyl-4-pyridinyl)methanol",149.084061,"C9H11NO","Cc1cc(c(cn1)C=C)CO","InChI=1S/C9H11NO/c1-3-8-5-10-7(2)4-9(8)6-11/h3-5,11H,1,6H2,2H3","MUKGOIHAVLKTGD-UHFFFAOYSA-N"
15118025,"6-Amino-5-indanol",149.084061,"C9H11NO","c1c2c(cc(c1N)O)CCC2","InChI=1S/C9H11NO/c10-8-4-6-2-1-3-7(6)5-9(8)11/h4-5,11H,1-3,10H2","HTLLODRBNFYRKI-UHFFFAOYSA-N"
15136772,"1-Ethynyl-1-isocyanatocyclohexane",149.084061,"C9H11NO","C#CC1(CCCCC1)N=C=O","InChI=1S/C9H11NO/c1-2-9(10-8-11)6-4-3-5-7-9/h1H,3-7H2","YWKUYVHZVCTJHZ-UHFFFAOYSA-N"
15178037,"4-(2-Pyridinyl)-2-butanone",149.084061,"C9H11NO","CC(=O)CCc1ccccn1","InChI=1S/C9H11NO/c1-8(11)5-6-9-4-2-3-7-10-9/h2-4,7H,5-6H2,1H3","HNIUYWFFFOHMMX-UHFFFAOYSA-N"
15333314,"1-Anilinoacetone",149.084061,"C9H11NO","CC(=O)CNc1ccccc1","InChI=1S/C9H11NO/c1-8(11)7-10-9-5-3-2-4-6-9/h2-6,10H,7H2,1H3","VUAGYVUCYLZQKM-UHFFFAOYSA-N"
15376570,"p-Formyldimethylaniline",149.084061,"C9H11NO","Cc1c(c(ccc1C=O)N)C","InChI=1S/C9H11NO/c1-6-7(2)9(10)4-3-8(6)5-11/h3-5H,10H2,1-2H3","SGAOBLLZTAZOGS-UHFFFAOYSA-N"
15577712,"1-(2,3-Dihydro-1-benzofuran-6-yl)methanamine",149.084061,"C9H11NO","c1cc2c(cc1CN)OCC2","InChI=1S/C9H11NO/c10-6-7-1-2-8-3-4-11-9(8)5-7/h1-2,5H,3-4,6,10H2","BHMRECDFGZLILA-UHFFFAOYSA-N"
15825395,"2-[(2E)-2-Buten-1-yloxy]pyridine",149.084061,"C9H11NO","C/C=C/COc1ccccn1","InChI=1S/C9H11NO/c1-2-3-8-11-9-6-4-5-7-10-9/h2-7H,8H2,1H3/b3-2+","MTEUWXQUVSBJHJ-NSCUHMNNSA-N"
15871684,"5-Methyl-4-indolinol",149.084061,"C9H11NO","Cc1ccc2c(c1O)CCN2","InChI=1S/C9H11NO/c1-6-2-3-8-7(9(6)11)4-5-10-8/h2-3,10-11H,4-5H2,1H3","RXXZSJMHVRUJHK-UHFFFAOYSA-N"
17252191,"6-(3-Furyl)-2,3,4,5-tetrahydropyridine",149.084061,"C9H11NO","c1cocc1C2=NCCCC2","InChI=1S/C9H11NO/c1-2-5-10-9(3-1)8-4-6-11-7-8/h4,6-7H,1-3,5H2","YDKWORBMTVNCRE-UHFFFAOYSA-N"
19067871,"4-Methyl-2-[(E)-(methylimino)methyl]phenol",149.084061,"C9H11NO","Cc1ccc(c(c1)/C=N/C)O","InChI=1S/C9H11NO/c1-7-3-4-9(11)8(5-7)6-10-2/h3-6,11H,1-2H3/b10-6+","HYERGRHEJJNGDO-UXBLZVDNSA-N"
19119934,"(1S,3S)-3-Amino-1-indanol",149.084061,"C9H11NO","c1ccc2c(c1)[C@H](C[C@@H]2O)N","InChI=1S/C9H11NO/c10-8-5-9(11)7-4-2-1-3-6(7)8/h1-4,8-9,11H,5,10H2/t8-,9-/m0/s1","PRVIGUZMXLBANS-IUCAKERBSA-N"
19326131,"3,3-Dimethyl-2,3-dihydrofuro[3,2-c]pyridine",149.084061,"C9H11NO","CC1(COc2c1cncc2)C","InChI=1S/C9H11NO/c1-9(2)6-11-8-3-4-10-5-7(8)9/h3-5H,6H2,1-2H3","DHMYVLVWAMSABP-UHFFFAOYSA-N"
19449949,"2,3-Dihydro-1H-indol-6-ylmethanol",149.084061,"C9H11NO","c1cc2c(cc1CO)NCC2","InChI=1S/C9H11NO/c11-6-7-1-2-8-3-4-10-9(8)5-7/h1-2,5,10-11H,3-4,6H2","ASGMIPKABNEUSU-UHFFFAOYSA-N"
19673506,"5-Methyl-3,4-dihydro-2H-1,4-benzoxazine",149.084061,"C9H11NO","Cc2cccc1OCCNc12","InChI=1S/C9H11NO/c1-7-3-2-4-8-9(7)10-5-6-11-8/h2-4,10H,5-6H2,1H3","ZMWCBDOFRHNVLA-UHFFFAOYSA-N"
19953787,"2-Phenoxycyclopropanamine",149.084061,"C9H11NO","c1ccc(cc1)OC2CC2N","InChI=1S/C9H11NO/c10-8-6-9(8)11-7-4-2-1-3-5-7/h1-5,8-9H,6,10H2","LWTVCQHYQVDFLN-UHFFFAOYSA-N"
19982000,"4-(1-Aminocyclopropyl)phenol",149.084061,"C9H11NO","c1cc(ccc1C2(CC2)N)O","InChI=1S/C9H11NO/c10-9(5-6-9)7-1-3-8(11)4-2-7/h1-4,11H,5-6,10H2","ABCFRVGOTIGJJP-UHFFFAOYSA-N"
20098768,"3-Ethyl-4-imino-5-methyl-2,5-cyclohexadien-1-one",149.084061,"C9H11NO","CCC1=CC(=O)C=C(C1=N)C","InChI=1S/C9H11NO/c1-3-7-5-8(11)4-6(2)9(7)10/h4-5,10H,3H2,1-2H3","SZODJRRNURLJNT-UHFFFAOYSA-N"
21107876,"(1S)-1-Amino-4-indanol",149.084061,"C9H11NO","c1cc2c(c(c1)O)CC[C@@H]2N","InChI=1S/C9H11NO/c10-8-5-4-7-6(8)2-1-3-9(7)11/h1-3,8,11H,4-5,10H2/t8-/m0/s1","GWFKPABLUSNUAP-QMMMGPOBSA-N"
21377921,"phenylacetaldehyde O-methyloxime",149.084061,"C9H11NO","CO/N=C/Cc1ccccc1","InChI=1S/C9H11NO/c1-11-10-8-7-9-5-3-2-4-6-9/h2-6,8H,7H2,1H3/b10-8+","NICHQMGWWYWONX-CSKARUKUSA-N"
21409427,"5,6,7,8-Tetrahydro-4-isoquinolinol",149.084061,"C9H11NO","c1c2c(c(cn1)O)CCCC2","InChI=1S/C9H11NO/c11-9-6-10-5-7-3-1-2-4-8(7)9/h5-6,11H,1-4H2","HQCCSWKNMNDGJR-UHFFFAOYSA-N"
21409466,"1-[(2E)-2-Buten-1-yl]-2(1H)-pyridinone",149.084061,"C9H11NO","C/C=C/Cn1ccccc1=O","InChI=1S/C9H11NO/c1-2-3-7-10-8-5-4-6-9(10)11/h2-6,8H,7H2,1H3/b3-2+","LLLXDKYBXOGHCW-NSCUHMNNSA-N"
21417387,"2-(3,3-Dimethyl-2-oxiranyl)pyridine",149.084061,"C9H11NO","CC1(C(O1)c2ccccn2)C","InChI=1S/C9H11NO/c1-9(2)8(11-9)7-5-3-4-6-10-7/h3-6,8H,1-2H3","BHJKFSNKJLFHBI-UHFFFAOYSA-N"
21418101,"5,6-Dimethyl-2,3-dihydrofuro[2,3-b]pyridine",149.084061,"C9H11NO","Cc1cc2c(nc1C)OCC2","InChI=1S/C9H11NO/c1-6-5-8-3-4-11-9(8)10-7(6)2/h5H,3-4H2,1-2H3","GQFZGDMGILYCRH-UHFFFAOYSA-N"
21613385,"Methyl-1.3-Benzoxazolinone",149.084061,"C9H11NO","Cc1ccc2c(c1)OC(N2)C","InChI=1S/C9H11NO/c1-6-3-4-8-9(5-6)11-7(2)10-8/h3-5,7,10H,1-2H3","CHCXJDDDHOJQIB-UHFFFAOYSA-N"
23176571,"3-(3-Amino-1-propen-2-yl)phenol",149.084061,"C9H11NO","C=C(CN)c1cccc(c1)O","InChI=1S/C9H11NO/c1-7(6-10)8-3-2-4-9(11)5-8/h2-5,11H,1,6,10H2","CETFVXMZSVXOEX-UHFFFAOYSA-N"
23365560,"1-Methyl-2,5,6,7-tetrahydro-4H-isoindol-4-one",149.084061,"C9H11NO","Cc1c2c(c[nH]1)C(=O)CCC2","InChI=1S/C9H11NO/c1-6-7-3-2-4-9(11)8(7)5-10-6/h5,10H,2-4H2,1H3","SJSWKWNLTSHIJP-UHFFFAOYSA-N"
23499209,"(Z)-(6,7-dihydro-1H-indol-4(5H)-ylidene)methanol",149.084061,"C9H11NO","c1c[nH]c2c1/C(=C\O)/CCC2","InChI=1S/C9H11NO/c11-6-7-2-1-3-9-8(7)4-5-10-9/h4-6,10-11H,1-3H2/b7-6-","FUAQUWFIVIIWTL-SREVYHEPSA-N"
23948915,"3-Methyl-2,3-dihydro-1H-pyrrolizine-5-carbaldehyde",149.084061,"C9H11NO","CC1CCc2n1c(cc2)C=O","InChI=1S/C9H11NO/c1-7-2-3-8-4-5-9(6-11)10(7)8/h4-7H,2-3H2,1H3","WHYURSQFKXVCIL-UHFFFAOYSA-N"
23978654,"4,5,6,7-Tetrahydro-2H-isoindole-1-carbaldehyde",149.084061,"C9H11NO","c1c2c(c([nH]1)C=O)CCCC2","InChI=1S/C9H11NO/c11-6-9-8-4-2-1-3-7(8)5-10-9/h5-6,10H,1-4H2","TUBSQPKFKIZZLY-UHFFFAOYSA-N"
24184009,"(1R,3S)-3-Amino-1-indanol",149.084061,"C9H11NO","c1ccc2c(c1)[C@H](C[C@H]2O)N","InChI=1S/C9H11NO/c10-8-5-9(11)7-4-2-1-3-6(7)8/h1-4,8-9,11H,5,10H2/t8-,9+/m0/s1","PRVIGUZMXLBANS-DTWKUNHWSA-N"
24184011,"4-[(1Z)-1-Propen-1-yloxy]aniline",149.084061,"C9H11NO","C/C=C\Oc1ccc(cc1)N","InChI=1S/C9H11NO/c1-2-7-11-9-5-3-8(10)4-6-9/h2-7H,10H2,1H3/b7-2-","AMTHNUBYEFZGCX-UQCOIBPSSA-N"
24184015,"(3R)-3-Amino-4-indanol",149.084061,"C9H11NO","c1cc2c(c(c1)O)[C@@H](CC2)N","InChI=1S/C9H11NO/c10-7-5-4-6-2-1-3-8(11)9(6)7/h1-3,7,11H,4-5,10H2/t7-/m1/s1","MAYMVHAVYDCEHG-SSDOTTSWSA-N"
24184635,"2,5-Dimethyl-4-vinyl-3-pyridinol",149.084061,"C9H11NO","Cc1cnc(c(c1C=C)O)C","InChI=1S/C9H11NO/c1-4-8-6(2)5-10-7(3)9(8)11/h4-5,11H,1H2,2-3H3","BCTMEMSYIYBABX-UHFFFAOYSA-N"
24184700,"3-(3-Buten-1-yloxy)pyridine",149.084061,"C9H11NO","C=CCCOc1cccnc1","InChI=1S/C9H11NO/c1-2-3-7-11-9-5-4-6-10-8-9/h2,4-6,8H,1,3,7H2","GPKMKGSJXWJVPN-UHFFFAOYSA-N"
24184715,"6,7-Dihydro-5H-cyclopenta[c]pyridin-6-ylmethanol",149.084061,"C9H11NO","c1cncc2c1CC(C2)CO","InChI=1S/C9H11NO/c11-6-7-3-8-1-2-10-5-9(8)4-7/h1-2,5,7,11H,3-4,6H2","XVLAUEKDIGOSIO-UHFFFAOYSA-N"
24184720,"(6R)-6,7-Dihydro-5H-cyclopenta[b]pyridin-6-ylmethanol",149.084061,"C9H11NO","c1cc2c(nc1)C[C@@H](C2)CO","InChI=1S/C9H11NO/c11-6-7-4-8-2-1-3-10-9(8)5-7/h1-3,7,11H,4-6H2/t7-/m1/s1","VHWKBHPXOAVCLW-SSDOTTSWSA-N"
24184865,"Cyclopropyl(4-pyridinyl)methanol",149.084061,"C9H11NO","c1cnccc1C(C2CC2)O","InChI=1S/C9H11NO/c11-9(7-1-2-7)8-3-5-10-6-4-8/h3-7,9,11H,1-2H2","IWTWCNCPALUNJJ-UHFFFAOYSA-N"
24184912,"6,7-Dihydro-5H-cyclopenta[b]pyridin-2-ylmethanol",149.084061,"C9H11NO","c1cc(nc2c1CCC2)CO","InChI=1S/C9H11NO/c11-6-8-5-4-7-2-1-3-9(7)10-8/h4-5,11H,1-3,6H2","PQGUESFONGZCDW-UHFFFAOYSA-N"
24184980,"2-Cyclobutyl-3-pyridinol",149.084061,"C9H11NO","c1cc(c(nc1)C2CCC2)O","InChI=1S/C9H11NO/c11-8-5-2-6-10-9(8)7-3-1-4-7/h2,5-7,11H,1,3-4H2","BRMPQNUYWBXQHJ-UHFFFAOYSA-N"
24185039,"1-(6-Methyl-2-pyridinyl)-1-propanone",149.084061,"C9H11NO","CCC(=O)c1cccc(n1)C","InChI=1S/C9H11NO/c1-3-9(11)8-6-4-5-7(2)10-8/h4-6H,3H2,1-2H3","NPTHNNQFYCAGKP-UHFFFAOYSA-N"
24185051,"5,6,7,8-Tetrahydro-7-quinolinol",149.084061,"C9H11NO","c1cc2c(nc1)CC(CC2)O","InChI=1S/C9H11NO/c11-8-4-3-7-2-1-5-10-9(7)6-8/h1-2,5,8,11H,3-4,6H2","JTIKLMFKOVAACS-UHFFFAOYSA-N"
24185093,"(5R)-5,6,7,8-Tetrahydro-5-quinolinol",149.084061,"C9H11NO","c1cc2c(nc1)CCC[C@H]2O","InChI=1S/C9H11NO/c11-9-5-1-4-8-7(9)3-2-6-10-8/h2-3,6,9,11H,1,4-5H2/t9-/m1/s1","LANQCUHPUQHIAO-SECBINFHSA-N"
24185135,"6-Propylnicotinaldehyde",149.084061,"C9H11NO","CCCc1ccc(cn1)C=O","InChI=1S/C9H11NO/c1-2-3-9-5-4-8(7-11)6-10-9/h4-7H,2-3H2,1H3","FKWPVUNGBPPVTL-UHFFFAOYSA-N"
24185144,"5,6,7,8-Tetrahydro-8-isoquinolinol",149.084061,"C9H11NO","c1cncc2c1CCCC2O","InChI=1S/C9H11NO/c11-9-3-1-2-7-4-5-10-6-8(7)9/h4-6,9,11H,1-3H2","UWXHNUMFKYNDOJ-UHFFFAOYSA-N"
24185156,"5-Isopropyl-2-pyridinecarbaldehyde",149.084061,"C9H11NO","CC(C)c1ccc(nc1)C=O","InChI=1S/C9H11NO/c1-7(2)8-3-4-9(6-11)10-5-8/h3-7H,1-2H3","ZMIPJSJRIRWJBY-UHFFFAOYSA-N"
24185278,"2-[(1E)-3-Methoxy-1-propen-1-yl]pyridine",149.084061,"C9H11NO","COC/C=C/c1ccccn1","InChI=1S/C9H11NO/c1-11-8-4-6-9-5-2-3-7-10-9/h2-7H,8H2,1H3/b6-4+","MWOLEOBBABAODV-GQCTYLIASA-N"
24185345,"4-[(Allyloxy)methyl]pyridine",149.084061,"C9H11NO","C=CCOCc1ccncc1","InChI=1S/C9H11NO/c1-2-7-11-8-9-3-5-10-6-4-9/h2-6H,1,7-8H2","NKEJNDSPWXNTDT-UHFFFAOYSA-N"
24189929,"5,6,7,8-Tetrahydro-1-indolizinecarbaldehyde",149.084061,"C9H11NO","c1cn2c(c1C=O)CCCC2","InChI=1S/C9H11NO/c11-7-8-4-6-10-5-2-1-3-9(8)10/h4,6-7H,1-3,5H2","SICWVWHRWGSVDO-UHFFFAOYSA-N"
24189930,"4-Methyl-2-(methylamino)benzaldehyde",149.084061,"C9H11NO","Cc1ccc(c(c1)NC)C=O","InChI=1S/C9H11NO/c1-7-3-4-8(6-11)9(5-7)10-2/h3-6,10H,1-2H3","QBCKQWYIXVJVCW-UHFFFAOYSA-N"
24189931,"6-Formyl-3-methyl-3-cyclohexene-1-carbonitrile",149.084061,"C9H11NO","CC1=CCC(C(C1)C#N)C=O","InChI=1S/C9H11NO/c1-7-2-3-8(6-11)9(4-7)5-10/h2,6,8-9H,3-4H2,1H3","DJIJATNKFKVRFW-UHFFFAOYSA-N"
24189934,"2-(2-Aminoethyl)benzaldehyde",149.084061,"C9H11NO","c1ccc(c(c1)CCN)C=O","InChI=1S/C9H11NO/c10-6-5-8-3-1-2-4-9(8)7-11/h1-4,7H,5-6,10H2","VZOJCPQBOMEFRY-UHFFFAOYSA-N"
24189935,"5,6,7,8-Tetrahydro-7-indolizinecarbaldehyde",149.084061,"C9H11NO","c1cc2n(c1)CCC(C2)C=O","InChI=1S/C9H11NO/c11-7-8-3-5-10-4-1-2-9(10)6-8/h1-2,4,7-8H,3,5-6H2","QNCCDSJDCMMNML-UHFFFAOYSA-N"
24189936,"3-(2-Aminoethyl)benzaldehyde",149.084061,"C9H11NO","c1cc(cc(c1)C=O)CCN","InChI=1S/C9H11NO/c10-5-4-8-2-1-3-9(6-8)7-11/h1-3,6-7H,4-5,10H2","LJAWFIGAEQTOEY-UHFFFAOYSA-N"
24189942,"1-(3-Buten-1-yl)-1H-pyrrole-2-carbaldehyde",149.084061,"C9H11NO","C=CCCn1cccc1C=O","InChI=1S/C9H11NO/c1-2-3-6-10-7-4-5-9(10)8-11/h2,4-5,7-8H,1,3,6H2","SAIOVHBPLJLSFI-UHFFFAOYSA-N"
24189944,"4,5,6,7-Tetrahydro-1H-indole-1-carbaldehyde",149.084061,"C9H11NO","c1cn(c2c1CCCC2)C=O","InChI=1S/C9H11NO/c11-7-10-6-5-8-3-1-2-4-9(8)10/h5-7H,1-4H2","BDVQPOKEJHCNCD-UHFFFAOYSA-N"
24189946,"5-Methyl-2,3-dihydro-1H-pyrrolizine-7-carbaldehyde",149.084061,"C9H11NO","Cc1cc(c2n1CCC2)C=O","InChI=1S/C9H11NO/c1-7-5-8(6-11)9-3-2-4-10(7)9/h5-6H,2-4H2,1H3","LNXCMFJNJNUFNW-UHFFFAOYSA-N"
24189948,"4-Isopropylnicotinaldehyde",149.084061,"C9H11NO","CC(C)c1ccncc1C=O","InChI=1S/C9H11NO/c1-7(2)9-3-4-10-5-8(9)6-11/h3-7H,1-2H3","PUQKHMLOCYESRV-UHFFFAOYSA-N"
24189949,"4-Propylnicotinaldehyde",149.084061,"C9H11NO","CCCc1ccncc1C=O","InChI=1S/C9H11NO/c1-2-3-8-4-5-10-6-9(8)7-11/h4-7H,2-3H2,1H3","ZYKFURJWTQLBNY-UHFFFAOYSA-N"
24189950,"[(1S,6S)-6-Formyl-2-cyclohexen-1-yl]acetonitrile",149.084061,"C9H11NO","C1C[C@@H]([C@H](C=C1)CC#N)C=O","InChI=1S/C9H11NO/c10-6-5-8-3-1-2-4-9(8)7-11/h1,3,7-9H,2,4-5H2/t8-,9-/m1/s1","GZTAMLQBAKCKJH-RKDXNWHRSA-N"
24189951,"7-Methyl-2,3-dihydro-1H-pyrrolizine-5-carbaldehyde",149.084061,"C9H11NO","Cc1cc(n2c1CCC2)C=O","InChI=1S/C9H11NO/c1-7-5-8(6-11)10-4-2-3-9(7)10/h5-6H,2-4H2,1H3","GEXWEWFFCAYCNI-UHFFFAOYSA-N"
24189954,"2-Amino-3,5-dimethylbenzaldehyde",149.084061,"C9H11NO","Cc1cc(c(c(c1)C=O)N)C","InChI=1S/C9H11NO/c1-6-3-7(2)9(10)8(4-6)5-11/h3-5H,10H2,1-2H3","PSDMVINPHZQMGF-UHFFFAOYSA-N"
24189955,"5-Methyl-2-(methylamino)benzaldehyde",149.084061,"C9H11NO","Cc1ccc(c(c1)C=O)NC","InChI=1S/C9H11NO/c1-7-3-4-9(10-2)8(5-7)6-11/h3-6,10H,1-2H3","HKIOILVVCFTJTI-UHFFFAOYSA-N"
24189956,"7-Formylbicyclo[2.2.1]heptane-2-carbonitrile",149.084061,"C9H11NO","C1CC2C(CC1C2C=O)C#N","InChI=1S/C9H11NO/c10-4-7-3-6-1-2-8(7)9(6)5-11/h5-9H,1-3H2","ZWBHFFHQPMEOBF-UHFFFAOYSA-N"
24189957,"4-Propyl-2-pyridinecarbaldehyde",149.084061,"C9H11NO","CCCc1ccnc(c1)C=O","InChI=1S/C9H11NO/c1-2-3-8-4-5-10-9(6-8)7-11/h4-7H,2-3H2,1H3","FORRZRWSYFEDIF-UHFFFAOYSA-N"
24189958,"2-Amino-4,5-dimethylbenzaldehyde",149.084061,"C9H11NO","Cc1cc(c(cc1C)N)C=O","InChI=1S/C9H11NO/c1-6-3-8(5-11)9(10)4-7(6)2/h3-5H,10H2,1-2H3","ZLTGKIQFUWZNEV-UHFFFAOYSA-N"
24189959,"(1-Formyl-3-cyclohexen-1-yl)acetonitrile",149.084061,"C9H11NO","C1CC(CC=C1)(CC#N)C=O","InChI=1S/C9H11NO/c10-7-6-9(8-11)4-2-1-3-5-9/h1-2,8H,3-6H2","QSUNNEGMOURNTG-UHFFFAOYSA-N"
24190777,"N-Methyl-2,4,6-cycloheptatriene-1-carboxamide",149.084061,"C9H11NO","CNC(=O)C1C=CC=CC=C1","InChI=1S/C9H11NO/c1-10-9(11)8-6-4-2-3-5-7-8/h2-8H,1H3,(H,10,11)","GMHMRTZYOOUEOT-UHFFFAOYSA-N"
24193019,"1-(1-Allyl-1H-pyrrol-2-yl)ethanone",149.084061,"C9H11NO","CC(=O)c1cccn1CC=C","InChI=1S/C9H11NO/c1-3-6-10-7-4-5-9(10)8(2)11/h3-5,7H,1,6H2,2H3","CVBQXIJIMKSJSR-UHFFFAOYSA-N"
24193021,"1-(2,3-Dihydro-1H-pyrrolizin-7-yl)ethanone",149.084061,"C9H11NO","CC(=O)c1ccn2c1CCC2","InChI=1S/C9H11NO/c1-7(11)8-4-6-10-5-2-3-9(8)10/h4,6H,2-3,5H2,1H3","WRBLXOFYTXAKGQ-UHFFFAOYSA-N"
24193023,"5-Acetyl-1-cyclohexene-1-carbonitrile",149.084061,"C9H11NO","CC(=O)C1CCC=C(C1)C#N","InChI=1S/C9H11NO/c1-7(11)9-4-2-3-8(5-9)6-10/h3,9H,2,4-5H2,1H3","QQXXCIZISIIXRF-UHFFFAOYSA-N"
24193025,"1-(1-Methyl-5-vinyl-1H-pyrrol-3-yl)ethanone",149.084061,"C9H11NO","CC(=O)c1cc(n(c1)C)C=C","InChI=1S/C9H11NO/c1-4-9-5-8(7(2)11)6-10(9)3/h4-6H,1H2,2-3H3","FYUYGQCNLAZJJJ-UHFFFAOYSA-N"
24193028,"(4S)-4-Acetyl-1-cyclohexene-1-carbonitrile",149.084061,"C9H11NO","CC(=O)[C@H]1CCC(=CC1)C#N","InChI=1S/C9H11NO/c1-7(11)9-4-2-8(6-10)3-5-9/h2,9H,3-5H2,1H3/t9-/m1/s1","DOWIVQDPEJPPBF-SECBINFHSA-N"
24193030,"4-Acetyl-3-cyclohexene-1-carbonitrile",149.084061,"C9H11NO","CC(=O)C1=CCC(CC1)C#N","InChI=1S/C9H11NO/c1-7(11)9-4-2-8(6-10)3-5-9/h4,8H,2-3,5H2,1H3","GFWZOSHYHLARDV-UHFFFAOYSA-N"
24193032,"1-(2-Ethyl-4-pyridinyl)ethanone",149.084061,"C9H11NO","CCc1cc(ccn1)C(=O)C","InChI=1S/C9H11NO/c1-3-9-6-8(7(2)11)4-5-10-9/h4-6H,3H2,1-2H3","ZKRIXIFLLDEIBH-UHFFFAOYSA-N"
24196108,"[4-(1-Aziridinyl)phenyl]methanol",149.084061,"C9H11NO","c1cc(ccc1CO)N2CC2","InChI=1S/C9H11NO/c11-7-8-1-3-9(4-2-8)10-5-6-10/h1-4,11H,5-7H2","ROYDAIJKJCETMO-UHFFFAOYSA-N"
24196115,"[3-(1-Aziridinyl)phenyl]methanol",149.084061,"C9H11NO","c1cc(cc(c1)N2CC2)CO","InChI=1S/C9H11NO/c11-7-8-2-1-3-9(6-8)10-4-5-10/h1-3,6,11H,4-5,7H2","XGOXFTUKAVSOEH-UHFFFAOYSA-N"
24196123,"9-Oxa-5-azatricyclo[6.2.1.0~1,5~]undeca-2,6-diene",149.084061,"C9H11NO","C1C=CC23N1C=CC(C2)OC3","InChI=1S/C9H11NO/c1-3-9-6-8(11-7-9)2-5-10(9)4-1/h1-3,5,8H,4,6-7H2","PQJLDXMPEKUXFS-UHFFFAOYSA-N"
24196126,"1-Allyl-3-methyl-2(1H)-pyridinone",149.084061,"C9H11NO","Cc1cccn(c1=O)CC=C","InChI=1S/C9H11NO/c1-3-6-10-7-4-5-8(2)9(10)11/h3-5,7H,1,6H2,2H3","UUCCMNMGCJJRKB-UHFFFAOYSA-N"
24196141,"3-(1-Vinyl-1H-pyrrol-2-yl)propanal",149.084061,"C9H11NO","C=Cn1cccc1CCC=O","InChI=1S/C9H11NO/c1-2-10-7-3-5-9(10)6-4-8-11/h2-3,5,7-8H,1,4,6H2","CKURIGHTSCCXFF-UHFFFAOYSA-N"
24773987,"(R)-3-hydroxytetrahydroquinoline",149.084061,"C9H11NO","c1ccc2c(c1)C[C@H](CN2)O","InChI=1S/C9H11NO/c11-8-5-7-3-1-2-4-9(7)10-6-8/h1-4,8,10-11H,5-6H2/t8-/m1/s1","BCUWDJPRIHGCRN-MRVPVSSYSA-N"
26286687,"Methyl (4-methylphenyl)imidoformate",149.084061,"C9H11NO","Cc1ccc(cc1)/N=C/OC","InChI=1S/C9H11NO/c1-8-3-5-9(6-4-8)10-7-11-2/h3-7H,1-2H3/b10-7+","JVFZTLGIXAFEDP-JXMROGBWSA-N"
26469129,"1-(3,4-Dimethylphenyl)-N-hydroxymethanimine",149.084061,"C9H11NO","Cc1ccc(cc1C)C=NO","InChI=1S/C9H11NO/c1-7-3-4-9(6-10-11)5-8(7)2/h3-6,11H,1-2H3","FMMYWZFQQDNXGQ-UHFFFAOYSA-N"
26482814,"3-(1-Aminocyclopropyl)phenol",149.084061,"C9H11NO","c1cc(cc(c1)O)C2(CC2)N","InChI=1S/C9H11NO/c10-9(4-5-9)7-2-1-3-8(11)6-7/h1-3,6,11H,4-5,10H2","XETKQZJGDKSCLG-UHFFFAOYSA-N"
26520204,"1-(6-Methyl-3-pyridinyl)-1-propanone",149.084061,"C9H11NO","CCC(=O)c1ccc(nc1)C","InChI=1S/C9H11NO/c1-3-9(11)8-5-4-7(2)10-6-8/h4-6H,3H2,1-2H3","ZAVQODDHDDZRJK-UHFFFAOYSA-N"
26526477,"2-(1-Methylcyclopropyl)-4(1H)-pyridinone",149.084061,"C9H11NO","CC1(CC1)c2cc(=O)cc[nH]2","InChI=1S/C9H11NO/c1-9(3-4-9)8-6-7(11)2-5-10-8/h2,5-6H,3-4H2,1H3,(H,10,11)","OMWOCSIQOUVUFY-UHFFFAOYSA-N"
26563348,"[(1R,2R)-2-(2-Pyridinyl)cyclopropyl]methanol",149.084061,"C9H11NO","c1ccnc(c1)[C@@H]2C[C@H]2CO","InChI=1S/C9H11NO/c11-6-7-5-8(7)9-3-1-2-4-10-9/h1-4,7-8,11H,5-6H2/t7-,8+/m0/s1","OZAIQIDAQLXGRU-JGVFFNPUSA-N"
27148969,"1-(1,3-Dihydro-2-benzofuran-5-yl)methanamine",149.084061,"C9H11NO","c1cc2c(cc1CN)COC2","InChI=1S/C9H11NO/c10-4-7-1-2-8-5-11-6-9(8)3-7/h1-3H,4-6,10H2","VZWVGCODTFCCHX-UHFFFAOYSA-N"
27458984,"4-Cyclobutyl-2(1H)-pyridinone",149.084061,"C9H11NO","c1c[nH]c(=O)cc1C2CCC2","InChI=1S/C9H11NO/c11-9-6-8(4-5-10-9)7-2-1-3-7/h4-7H,1-3H2,(H,10,11)","ADVWFICHPVBFTM-UHFFFAOYSA-N"
27458986,"6-Cyclobutyl-2(1H)-pyridinone",149.084061,"C9H11NO","c1cc([nH]c(=O)c1)C2CCC2","InChI=1S/C9H11NO/c11-9-6-2-5-8(10-9)7-3-1-4-7/h2,5-7H,1,3-4H2,(H,10,11)","VUTLMMMBSSGLQH-UHFFFAOYSA-N"
27459036,"2-Cyclobutyl-4-pyridinol",149.084061,"C9H11NO","c1cnc(cc1O)C2CCC2","InChI=1S/C9H11NO/c11-8-4-5-10-9(6-8)7-2-1-3-7/h4-7H,1-3H2,(H,10,11)","SZRHWNCYNHQTFE-UHFFFAOYSA-N"
27461796,"5-Cyclobutyl-3-pyridinol",149.084061,"C9H11NO","c1c(cncc1O)C2CCC2","InChI=1S/C9H11NO/c11-9-4-8(5-10-6-9)7-2-1-3-7/h4-7,11H,1-3H2","BDWGYMUDQVHBGF-UHFFFAOYSA-N"
27463705,"5-Cyclobutyl-2(1H)-pyridinone",149.084061,"C9H11NO","c1cc(=O)[nH]cc1C2CCC2","InChI=1S/C9H11NO/c11-9-5-4-8(6-10-9)7-2-1-3-7/h4-7H,1-3H2,(H,10,11)","RPWFIXIHRGVKCM-UHFFFAOYSA-N"
27463740,"6-Cyclobutyl-3-pyridinol",149.084061,"C9H11NO","c1cc(ncc1O)C2CCC2","InChI=1S/C9H11NO/c11-8-4-5-9(10-6-8)7-2-1-3-7/h4-7,11H,1-3H2","YLBOTMJUBQELMK-UHFFFAOYSA-N"
27651101,"N-Phenyl-3-oxetanamine",149.084061,"C9H11NO","c1ccc(cc1)NC2COC2","InChI=1S/C9H11NO/c1-2-4-8(5-3-1)10-9-6-11-7-9/h1-5,9-10H,6-7H2","UZBJFLYGMMUGTI-UHFFFAOYSA-N"
28189258,"3-Propyl-2-pyridinecarbaldehyde",149.084061,"C9H11NO","CCCc1cccnc1C=O","InChI=1S/C9H11NO/c1-2-4-8-5-3-6-10-9(8)7-11/h3,5-7H,2,4H2,1H3","YCIUOBQKDTZTAT-UHFFFAOYSA-N"
28190293,"2-Methyl-2,3-dihydro-1-benzofuran-4-amine",149.084061,"C9H11NO","CC1Cc2c(cccc2O1)N","InChI=1S/C9H11NO/c1-6-5-7-8(10)3-2-4-9(7)11-6/h2-4,6H,5,10H2,1H3","YCUCQIAXBTUSFL-UHFFFAOYSA-N"
28291589,"(3E)-4-(3-Pyridinyl)-3-buten-2-ol",149.084061,"C9H11NO","CC(/C=C/c1cccnc1)O","InChI=1S/C9H11NO/c1-8(11)4-5-9-3-2-6-10-7-9/h2-8,11H,1H3/b5-4+","UFKIEVRTMVECLD-SNAWJCMRSA-N"
28545538,"4-Amino-2-indanol",149.084061,"C9H11NO","c1cc2c(c(c1)N)CC(C2)O","InChI=1S/C9H11NO/c10-9-3-1-2-6-4-7(11)5-8(6)9/h1-3,7,11H,4-5,10H2","VJZSRIHPRAZHIW-UHFFFAOYSA-N"
28586237,"2-Methyl-4-indolinol",149.084061,"C9H11NO","CC1Cc2c(cccc2O)N1","InChI=1S/C9H11NO/c1-6-5-7-8(10-6)3-2-4-9(7)11/h2-4,6,10-11H,5H2,1H3","XOJUZGWOQMIMHK-UHFFFAOYSA-N"
28674878,"5,6,7,8-Tetrahydrocyclohepta[c]pyrrol-4(2H)-one",149.084061,"C9H11NO","c1c2c(c[nH]1)C(=O)CCCC2","InChI=1S/C9H11NO/c11-9-4-2-1-3-7-5-10-6-8(7)9/h5-6,10H,1-4H2","SYCVQHYPPFTNAW-UHFFFAOYSA-N"
29203853,"N-(2-Methylbenzyl)formamide",149.084061,"C9H11NO","Cc1ccccc1CNC=O","InChI=1S/C9H11NO/c1-8-4-2-3-5-9(8)6-10-7-11/h2-5,7H,6H2,1H3,(H,10,11)","CWLVJRBLJKHWFB-UHFFFAOYSA-N"
29376436,"[2-(3-Pyridinyl)cyclopropyl]methanol",149.084061,"C9H11NO","c1cc(cnc1)C2CC2CO","InChI=1S/C9H11NO/c11-6-8-4-9(8)7-2-1-3-10-5-7/h1-3,5,8-9,11H,4,6H2","QWHJXGUAMZXBPC-UHFFFAOYSA-N"
30648373,"3-Methoxy-6,7-dihydro-5H-cyclopenta[b]pyridine",149.084061,"C9H11NO","COc1cc2c(nc1)CCC2","InChI=1S/C9H11NO/c1-11-8-5-7-3-2-4-9(7)10-6-8/h5-6H,2-4H2,1H3","KKGGBHSFZSUKMT-UHFFFAOYSA-N"
30775295,"2-Ethyl-6-methylisonicotinaldehyde",149.084061,"C9H11NO","CCc1cc(cc(n1)C)C=O","InChI=1S/C9H11NO/c1-3-9-5-8(6-11)4-7(2)10-9/h4-6H,3H2,1-2H3","IPBYJKURFFTGDK-UHFFFAOYSA-N"
30777396,"6-(2-Furyl)-2,3,4,5-tetrahydropyridine",149.084061,"C9H11NO","c1cc(oc1)C2=NCCCC2","InChI=1S/C9H11NO/c1-2-6-10-8(4-1)9-5-3-7-11-9/h3,5,7H,1-2,4,6H2","RGIWMFASVSUDLJ-UHFFFAOYSA-N"
30916560,"1-(3-Amino-5-methylphenyl)ethanone",149.084061,"C9H11NO","Cc1cc(cc(c1)N)C(=O)C","InChI=1S/C9H11NO/c1-6-3-8(7(2)11)5-9(10)4-6/h3-5H,10H2,1-2H3","KVDMLHRPIQOTCE-UHFFFAOYSA-N"
32043127,"1-(3-Ethyl-2-pyridinyl)ethanone",149.084061,"C9H11NO","CCc1cccnc1C(=O)C","InChI=1S/C9H11NO/c1-3-8-5-4-6-10-9(8)7(2)11/h4-6H,3H2,1-2H3","IOYXDXJFCVPYSZ-UHFFFAOYSA-N"
32830844,"2-(Cyclopropylmethoxy)pyridine",149.084061,"C9H11NO","c1ccnc(c1)OCC2CC2","InChI=1S/C9H11NO/c1-2-6-10-9(3-1)11-7-8-4-5-8/h1-3,6,8H,4-5,7H2","XJQFNACKXZLVNC-UHFFFAOYSA-N"
32864693,"[2-(2-Pyridinyl)cyclopropyl]methanol",149.084061,"C9H11NO","c1ccnc(c1)C2CC2CO","InChI=1S/C9H11NO/c11-6-7-5-8(7)9-3-1-2-4-10-9/h1-4,7-8,11H,5-6H2","OZAIQIDAQLXGRU-UHFFFAOYSA-N"
153204,"1-Ethyl-3-methyl-2-nitrosobenzene",149.084061,"C9H11NO","CCc1cccc(c1N=O)C","InChI=1S/C9H11NO/c1-3-8-6-4-5-7(2)9(8)10-11/h4-6H,3H2,1-2H3","JOMISUGPCBFHEU-UHFFFAOYSA-N"
453120,"Methyl N-methylbenzenecarboximidate",149.084061,"C9H11NO","C/N=C(/c1ccccc1)\OC","InChI=1S/C9H11NO/c1-10-9(11-2)8-6-4-3-5-7-8/h3-7H,1-2H3/b10-9-","ODCHIEXXFGKZNZ-KTKRTIGZSA-N"
558717,"1-Isopropyl-4-nitrosobenzene",149.084061,"C9H11NO","CC(C)c1ccc(cc1)N=O","InChI=1S/C9H11NO/c1-7(2)8-3-5-9(10-11)6-4-8/h3-7H,1-2H3","CPOGBRPDTGTFJQ-UHFFFAOYSA-N"
671173,"(2S)-4-(4-Pyridinyl)-3-buten-2-ol",149.084061,"C9H11NO","C[C@@H](C=Cc1ccncc1)O","InChI=1S/C9H11NO/c1-8(11)2-3-9-4-6-10-7-5-9/h2-8,11H,1H3/t8-/m0/s1","PTUMRDMEAMXLMC-QMMMGPOBSA-N"
671176,"(2R)-4-(4-Pyridinyl)-3-buten-2-ol",149.084061,"C9H11NO","C[C@H](C=Cc1ccncc1)O","InChI=1S/C9H11NO/c1-8(11)2-3-9-4-6-10-7-5-9/h2-8,11H,1H3/t8-/m1/s1","PTUMRDMEAMXLMC-MRVPVSSYSA-N"
795228,"(2S,3E)-4-(2-Pyridinyl)-3-buten-2-ol",149.084061,"C9H11NO","C[C@@H](/C=C/c1ccccn1)O","InChI=1S/C9H11NO/c1-8(11)5-6-9-4-2-3-7-10-9/h2-8,11H,1H3/b6-5+/t8-/m0/s1","ZNQLIHBCMOTDLX-GJIOHYHPSA-N"
795229,"(2R,3E)-4-(2-Pyridinyl)-3-buten-2-ol",149.084061,"C9H11NO","C[C@H](/C=C/c1ccccn1)O","InChI=1S/C9H11NO/c1-8(11)5-6-9-4-2-3-7-10-9/h2-8,11H,1H3/b6-5+/t8-/m1/s1","ZNQLIHBCMOTDLX-HQZHTGGTSA-N"
811771,"(1R,2S,4R,5S,6S)-6-Methyl-3-oxatricyclo[3.2.1.0~2,4~]octane-6-carbonitrile",149.084061,"C9H11NO","C[C@@]1(C[C@H]2C[C@@H]1[C@@H]3[C@H]2O3)C#N","InChI=1S/C9H11NO/c1-9(4-10)3-5-2-6(9)8-7(5)11-8/h5-8H,2-3H2,1H3/t5-,6-,7+,8-,9-/m1/s1","RZRHKOZGVGKBFC-SYHAXYEDSA-N"
1292897,"(2S,3Z)-4-(3-Pyridinyl)-3-buten-2-ol",149.084061,"C9H11NO","C[C@@H](/C=C\c1cccnc1)O","InChI=1S/C9H11NO/c1-8(11)4-5-9-3-2-6-10-7-9/h2-8,11H,1H3/b5-4-/t8-/m0/s1","UFKIEVRTMVECLD-LGYSABEFSA-N"
1292898,"(2R,3Z)-4-(3-Pyridinyl)-3-buten-2-ol",149.084061,"C9H11NO","C[C@H](/C=C\c1cccnc1)O","InChI=1S/C9H11NO/c1-8(11)4-5-9-3-2-6-10-7-9/h2-8,11H,1H3/b5-4-/t8-/m1/s1","UFKIEVRTMVECLD-PULIVWKDSA-N"
1489305,"(1R,2R,4S,5S,6S)-6-Methyl-3-oxatricyclo[3.2.1.0~2,4~]octane-6-carbonitrile",149.084061,"C9H11NO","C[C@@]1(C[C@H]2C[C@@H]1[C@H]3[C@@H]2O3)C#N","InChI=1S/C9H11NO/c1-9(4-10)3-5-2-6(9)8-7(5)11-8/h5-8H,2-3H2,1H3/t5-,6-,7-,8+,9-/m1/s1","RZRHKOZGVGKBFC-GOFVFXDOSA-N"
1639130,"N-Hydroxy-1-(4-methylphenyl)ethenamine",149.084061,"C9H11NO","Cc1ccc(cc1)C(=C)NO","InChI=1S/C9H11NO/c1-7-3-5-9(6-4-7)8(2)10-11/h3-6,10-11H,2H2,1H3","GKDIAVWPXOXCBW-UHFFFAOYSA-N"
2810461,"6-Methyl-3-oxatricyclo[3.2.1.0~2,4~]octane-6-carbonitrile",149.084061,"C9H11NO","CC1(CC2CC1C3C2O3)C#N","InChI=1S/C9H11NO/c1-9(4-10)3-5-2-6(9)8-7(5)11-8/h5-8H,2-3H2,1H3","RZRHKOZGVGKBFC-UHFFFAOYSA-N"
2959311,"4-(2-Pyridinyl)-3-buten-2-ol",149.084061,"C9H11NO","CC(C=Cc1ccccn1)O","InChI=1S/C9H11NO/c1-8(11)5-6-9-4-2-3-7-10-9/h2-8,11H,1H3","ZNQLIHBCMOTDLX-UHFFFAOYSA-N"
4323924,"4-(3-Pyridinyl)-3-buten-2-ol",149.084061,"C9H11NO","CC(C=Cc1cccnc1)O","InChI=1S/C9H11NO/c1-8(11)4-5-9-3-2-6-10-7-9/h2-8,11H,1H3","UFKIEVRTMVECLD-UHFFFAOYSA-N"
4476403,"2-(3-Vinyl-4-pyridinyl)ethanol",149.084061,"C9H11NO","C=Cc1cnccc1CCO","InChI=1S/C9H11NO/c1-2-8-7-10-5-3-9(8)4-6-11/h2-3,5,7,11H,1,4,6H2","NEMKMHUCTPZMSO-UHFFFAOYSA-N"
4584895,"(6Z)-6-[(Ethylamino)methylene]-2,4-cyclohexadien-1-one",149.084061,"C9H11NO","CCN/C=C\1/C=CC=CC1=O","InChI=1S/C9H11NO/c1-2-10-7-8-5-3-4-6-9(8)11/h3-7,10H,2H2,1H3/b8-7-","UYZUQVCBUZXRBB-FPLPWBNLSA-N"
4873499,"(1Z)-N-Hydroxy-3-phenyl-1-propanimine",149.084061,"C9H11NO","c1ccc(cc1)CC/C=N\O","InChI=1S/C9H11NO/c11-10-8-4-7-9-5-2-1-3-6-9/h1-3,5-6,8,11H,4,7H2/b10-8-","WSTRHGOVAOUOJW-NTMALXAHSA-N"
8187647,"N-benzylethanimine oxide",149.084061,"C9H11NO","[O-]/[N+](=C/C)Cc1ccccc1","InChI=1S/C9H11NO/c1-2-10(11)8-9-6-4-3-5-7-9/h2-7H,8H2,1H3/b10-2+","CANUCYHLTVBHJK-WTDSWWLTSA-N"
8233217,"2-Methyl-5-(4-pentyn-1-yl)-1,3-oxazole",149.084061,"C9H11NO","n1cc(oc1C)CCCC#C","InChI=1S/C9H11NO/c1-3-4-5-6-9-7-10-8(2)11-9/h1,7H,4-6H2,2H3","ACWWFTSSGVMLJD-UHFFFAOYSA-N"
8550044,"1,2,3-Trimethyl-4-nitrosobenzene",149.084061,"C9H11NO","O=Nc1ccc(c(c1C)C)C","InChI=1S/C9H11NO/c1-6-4-5-9(10-11)8(3)7(6)2/h4-5H,1-3H3","OQMIHXJMPSZIKC-UHFFFAOYSA-N"
8572416,"N-Benzyl-N-[(1Z)-ethylidene]amine oxide",149.084061,"C9H11NO","[O-]\[N+](=C/C)Cc1ccccc1","InChI=1S/C9H11NO/c1-2-10(11)8-9-6-4-3-5-7-9/h2-7H,8H2,1H3/b10-2-","CANUCYHLTVBHJK-SGAXSIHGSA-N"
8639900,"3-[(E)-ethyliminomethyl]phenol",149.084061,"C9H11NO","N(=C/c1cc(O)ccc1)\CC","InChI=1S/C9H11NO/c1-2-10-7-8-4-3-5-9(11)6-8/h3-7,11H,2H2,1H3/b10-7+","RIWQIEAQNLFIDF-JXMROGBWSA-N"
8710209,"N-(4-Methylbenzyl)-N-methyleneamine oxide",149.084061,"C9H11NO","[O-]/[N+](=C)Cc1ccc(cc1)C","InChI=1S/C9H11NO/c1-8-3-5-9(6-4-8)7-10(2)11/h3-6H,2,7H2,1H3","VNYBYFVAMTZOPL-UHFFFAOYSA-N"
8710210,"(1R,2S,4R,5S,6S)-3-Oxatricyclo[3.2.2.0~2,4~]nonane-6-carbonitrile",149.084061,"C9H11NO","N#C[C@H]1C[C@H]3CC[C@@H]1[C@H]2O[C@H]23","InChI=1S/C9H11NO/c10-4-6-3-5-1-2-7(6)9-8(5)11-9/h5-9H,1-3H2/t5-,6-,7+,8+,9-/m1/s1","QSUHBTNZRCKVBP-XGQMLPDNSA-N"
8734168,"(1R,2R,4S,5S,6S)-3-Oxatricyclo[3.2.2.0~2,4~]nonane-6-carbonitrile",149.084061,"C9H11NO","N#C[C@H]2C[C@@H]3[C@H]1O[C@H]1[C@H]2CC3","InChI=1S/C9H11NO/c10-4-6-3-5-1-2-7(6)9-8(5)11-9/h5-9H,1-3H2/t5-,6-,7+,8-,9+/m1/s1","QSUHBTNZRCKVBP-ZEBDFXRSSA-N"
8853748,"4,6-Dimethyl-2-oxo-3-cyclohexene-1-carbonitrile",149.084061,"C9H11NO","N#CC1C(=O)\C=C(/CC1C)C","InChI=1S/C9H11NO/c1-6-3-7(2)8(5-10)9(11)4-6/h4,7-8H,3H2,1-2H3","YVXQXUXAYGUICG-UHFFFAOYSA-N"
8877314,"(2R)-2-(Phenoxymethyl)aziridine",149.084061,"C9H11NO","c1ccc(cc1)OCC2CN2","InChI=1S/C9H11NO/c1-2-4-9(5-3-1)11-7-8-6-10-8/h1-5,8,10H,6-7H2","UURJBZYJQJVJGO-UHFFFAOYSA-N"
8948443,"N-methyl-N-prop-2-ynyl-pent-4-ynamide",149.084061,"C9H11NO","O=C(N(CC#C)C)CCC#C","InChI=1S/C9H11NO/c1-4-6-7-9(11)10(3)8-5-2/h1-2H,6-8H2,3H3","FXHDTCZMBYPDDD-UHFFFAOYSA-N"
9041790,"3-(3-Pyridinyl)-2-butanone",149.084061,"C9H11NO","O=C(C(c1cccnc1)C)C","InChI=1S/C9H11NO/c1-7(8(2)11)9-4-3-5-10-6-9/h3-7H,1-2H3","IVWSPONPWTUQBY-UHFFFAOYSA-N"
9084988,"5-Propionyl-1-cyclopentene-1-carbonitrile",149.084061,"C9H11NO","O=C(C1C(/C#N)=C\CC1)CC","InChI=1S/C9H11NO/c1-2-9(11)8-5-3-4-7(8)6-10/h4,8H,2-3,5H2,1H3","MNAVSTOOMXQPMO-UHFFFAOYSA-N"
9095922,"(5E,7E)-9-Oxo-5,7-nonadienenitrile",149.084061,"C9H11NO","C(CC=CC=CC=O)CC#N","InChI=1S/C9H11NO/c10-8-6-4-2-1-3-5-7-9-11/h1,3,5,7,9H,2,4,6H2","KUDRSICZWZXQHZ-UHFFFAOYSA-N"
9128900,"[(E)-(1-Phenylethylidene)amino]methanol",149.084061,"C9H11NO","N(=C(/c1ccccc1)C)\CO","InChI=1S/C9H11NO/c1-8(10-7-11)9-5-3-2-4-6-9/h2-6,11H,7H2,1H3/b10-8+","AWBWRAWEPRTLTC-CSKARUKUSA-N"
9139882,"1-[(2R,3S)-3-Phenyl-2-oxiranyl]methanamine",149.084061,"C9H11NO","O2[C@@H](c1ccccc1)[C@H]2CN","InChI=1S/C9H11NO/c10-6-8-9(11-8)7-4-2-1-3-5-7/h1-5,8-9H,6,10H2/t8-,9+/m1/s1","HHGZCFDVFNFNLX-BDAKNGLRSA-N"
9150854,"(1S,6R)-7-Methyl-7-azabicyclo[4.2.1]nona-2,4-dien-8-one",149.084061,"C9H11NO","O=C1N([C@H]2/C=C\C=C/[C@@H]1C2)C","InChI=1S/C9H11NO/c1-10-8-5-3-2-4-7(6-8)9(10)11/h2-5,7-8H,6H2,1H3/t7-,8+/m1/s1","NUAMNQZLICOIBR-SFYZADRCSA-N"
9150856,"1-Methyl-6-indolinol",149.084061,"C9H11NO","Oc1ccc2c(c1)N(CC2)C","InChI=1S/C9H11NO/c1-10-5-4-7-2-3-8(11)6-9(7)10/h2-3,6,11H,4-5H2,1H3","LNWRQPDKMNMPME-UHFFFAOYSA-N"
9183266,"3-(4-Oxo-2-cyclohexen-1-yl)propanenitrile",149.084061,"C9H11NO","C1CC(=O)C=CC1CCC#N","InChI=1S/C9H11NO/c10-7-1-2-8-3-5-9(11)6-4-8/h3,5,8H,1-2,4,6H2","WLLYTCHCFJITTR-UHFFFAOYSA-N"
9194209,"(1E)-N-(Benzyloxy)ethanimine",149.084061,"C9H11NO","C\C=N\OCc1ccccc1","InChI=1S/C9H11NO/c1-2-10-11-8-9-6-4-3-5-7-9/h2-7H,8H2,1H3/b10-2+","WXGOLMICHIGDMF-WTDSWWLTSA-N"
9248732,"4-(Isopropylideneamino)phenol",149.084061,"C9H11NO","Oc1ccc(/N=C(\C)C)cc1","InChI=1S/C9H11NO/c1-7(2)10-8-3-5-9(11)6-4-8/h3-6,11H,1-2H3","ADJZUGLGQXNNRD-UHFFFAOYSA-N"
9291352,"(1S,2R,4R)-1-Methyl-5-oxobicyclo[2.2.1]heptane-2-carbonitrile",149.084061,"C9H11NO","O=C1C[C@@]2(C)[C@H](C#N)C[C@@H]1C2","InChI=1S/C9H11NO/c1-9-3-6(8(11)4-9)2-7(9)5-10/h6-7H,2-4H2,1H3/t6-,7+,9+/m1/s1","STDQRJMOLDGZGK-FJXKBIBVSA-N"
9346156,"(1R,2S,6S,7S)-5-Methyl-3-oxa-4-azatricyclo[5.2.1.0~2,6~]deca-4,8-diene",149.084061,"C9H11NO","N=2O[C@H]3[C@H]1\C=C/[C@H](C1)[C@H]3C=2C","InChI=1S/C9H11NO/c1-5-8-6-2-3-7(4-6)9(8)11-10-5/h2-3,6-9H,4H2,1H3/t6-,7+,8-,9+/m1/s1","POTYOSGIHKHRMZ-XAVMHZPKSA-N"
9450100,"[3-(Aminooxy)-1-propen-2-yl]benzene",149.084061,"C9H11NO","O(N)CC(=C)/c1ccccc1","InChI=1S/C9H11NO/c1-8(7-11-10)9-5-3-2-4-6-9/h2-6H,1,7,10H2","LGDBPTZTWMQRHO-UHFFFAOYSA-N"
9530497,"(1S,2E,4S)-N-Allyl-7-oxabicyclo[2.2.1]hept-5-en-2-imine",149.084061,"C9H11NO","N(=C2\C[C@@H]\1O[C@H]2/C=C/1)\C\C=C","InChI=1S/C9H11NO/c1-2-5-10-8-6-7-3-4-9(8)11-7/h2-4,7,9H,1,5-6H2/b10-8+/t7-,9+/m1/s1","UKVWITJHADTAGF-ZJJKOZDZSA-N"
9564378,"(2Z,4Z)-2,4-Dimethyl-6-oxo-2,4-heptadienenitrile",149.084061,"C9H11NO","N#C\C(=C/C(=C\C(=O)C)C)C","InChI=1S/C9H11NO/c1-7(5-9(3)11)4-8(2)6-10/h4-5H,1-3H3/b7-5-,8-4-","HTMQBOCFEOGOJF-ZQFNYFPESA-N"
9632610,"N-Hydroxy-1-(2-vinylphenyl)methanamine",149.084061,"C9H11NO","ONCc1ccccc1\C=C","InChI=1S/C9H11NO/c1-2-8-5-3-4-6-9(8)7-10-11/h2-6,10-11H,1,7H2","ORGQJVNDRJWVCT-UHFFFAOYSA-N"
9681376,"1-Amino-5-indanol",149.084061,"C9H11NO","Oc1cc2c(cc1)C(N)CC2","InChI=1S/C9H11NO/c10-9-4-1-6-5-7(11)2-3-8(6)9/h2-3,5,9,11H,1,4,10H2","BYWKFVGAEAECSB-UHFFFAOYSA-N"
9768220,"3-Formyl-3-methyl-1-cyclohexene-1-carbonitrile",149.084061,"C9H11NO","O=CC1(\C=C(\C#N)CCC1)C","InChI=1S/C9H11NO/c1-9(7-11)4-2-3-8(5-9)6-10/h5,7H,2-4H2,1H3","NCNTWONSHZIRSL-UHFFFAOYSA-N"
9964039,"3-(6-Oxo-1-cyclohexen-1-yl)propanenitrile",149.084061,"C9H11NO","O=C1\C(=C/CCC1)CCC#N","InChI=1S/C9H11NO/c10-7-3-5-8-4-1-2-6-9(8)11/h4H,1-3,5-6H2","ZDGDXZJLXBDXLJ-UHFFFAOYSA-N"
9979594,"(1S,2S,4R)-1-Methyl-5-oxobicyclo[2.2.1]heptane-2-carbonitrile",149.084061,"C9H11NO","O=C1C[C@@]2(C)[C@@H](C#N)C[C@@H]1C2","InChI=1S/C9H11NO/c1-9-3-6(8(11)4-9)2-7(9)5-10/h6-7H,2-4H2,1H3/t6-,7-,9+/m1/s1","STDQRJMOLDGZGK-BHNWBGBOSA-N"
10004260,"Methyl (1E)-N-phenylethanimidate",149.084061,"C9H11NO","C/C(=N\c1ccccc1)/OC","InChI=1S/C9H11NO/c1-8(11-2)10-9-6-4-3-5-7-9/h3-7H,1-2H3/b10-8+","NXOVMTOMPVKBFG-CSKARUKUSA-N"
10004261,"2,4-Dimethyl-3-azabicyclo[4.2.0]octa-1,3,5-trien-8-ol",149.084061,"C9H11NO","Cc1cc2c(c(n1)C)C(C2)O","InChI=1S/C9H11NO/c1-5-3-7-4-8(11)9(7)6(2)10-5/h3,8,11H,4H2,1-2H3","JNZRMHHYCZCAKW-UHFFFAOYSA-N"
10077203,"(1R,2S,4R,5S,6R)-6-Methyl-3-oxatricyclo[3.2.1.0~2,4~]octane-6-carbonitrile",149.084061,"C9H11NO","C[C@]1(C[C@H]2C[C@@H]1[C@@H]3[C@H]2O3)C#N","InChI=1S/C9H11NO/c1-9(4-10)3-5-2-6(9)8-7(5)11-8/h5-8H,2-3H2,1H3/t5-,6-,7+,8-,9+/m1/s1","RZRHKOZGVGKBFC-ZEBDFXRSSA-N"
10129336,"6-Ethenylidenehexahydro-3H-pyrrolizin-3-one",149.084061,"C9H11NO","C=C=C1CC2CCC(=O)N2C1","InChI=1S/C9H11NO/c1-2-7-5-8-3-4-9(11)10(8)6-7/h8H,1,3-6H2","BZISXDADJQOZKE-UHFFFAOYSA-N"
10198617,"(2E)-2-Methyl-3-(1-methyl-1H-pyrrol-2-yl)acrylaldehyde",149.084061,"C9H11NO","Cn1cccc1\C=C(/C)C=O","InChI=1S/C9H11NO/c1-8(7-11)6-9-4-3-5-10(9)2/h3-7H,1-2H3/b8-6+","TYVUTASDCLQAGY-SOFGYWHQSA-N"
10284031,"1-(3-Buten-1-yl)-4(1H)-pyridinone",149.084061,"C9H11NO","C=CCCn1ccc(=O)cc1","InChI=1S/C9H11NO/c1-2-3-6-10-7-4-9(11)5-8-10/h2,4-5,7-8H,1,3,6H2","QCRZZPRIBGILCF-UHFFFAOYSA-N"
10292637,"Methyl (1Z)-N-phenylethanimidate",149.084061,"C9H11NO","C/C(=N/c1ccccc1)/OC","InChI=1S/C9H11NO/c1-8(11-2)10-9-6-4-3-5-7-9/h3-7H,1-2H3/b10-8-","NXOVMTOMPVKBFG-NTMALXAHSA-N"
10375102,"1,1-Dimethyl-1,3-dihydrofuro[3,4-c]pyridine",149.084061,"C9H11NO","CC1(c2ccncc2CO1)C","InChI=1S/C9H11NO/c1-9(2)8-3-4-10-5-7(8)6-11-9/h3-5H,6H2,1-2H3","YBOQDWPOHLBPSG-UHFFFAOYSA-N"
10384529,"5-Methoxy-4,7-dihydro-1H-indole",149.084061,"C9H11NO","COC1=CCc2c(cc[nH]2)C1","InChI=1S/C9H11NO/c1-11-8-2-3-9-7(6-8)4-5-10-9/h2,4-5,10H,3,6H2,1H3","CVLBXFQCBFSUOT-UHFFFAOYSA-N"
10403098,"1-(5-Ethyl-3-pyridinyl)ethanone",149.084061,"C9H11NO","CCc1cc(cnc1)C(=O)C","InChI=1S/C9H11NO/c1-3-8-4-9(7(2)11)6-10-5-8/h4-6H,3H2,1-2H3","IFEYFVAXXSXAAX-UHFFFAOYSA-N"
11212728,"2-Chromanamine",149.084061,"C9H11NO","c1ccc2c(c1)CCC(O2)N","InChI=1S/C9H11NO/c10-9-6-5-7-3-1-2-4-8(7)11-9/h1-4,9H,5-6,10H2","WRANTHLMINRHTR-UHFFFAOYSA-N"
11256808,"m-Tolylacetamide",149.084061,"C9H11NO","Cc1cccc(c1)CC(=O)N","InChI=1S/C9H11NO/c1-7-3-2-4-8(5-7)6-9(10)11/h2-5H,6H2,1H3,(H2,10,11)","OKZSWDDQUUZSRO-UHFFFAOYSA-N"
11634525,"2-(Cyclopropyloxy)aniline",149.084061,"C9H11NO","c1ccc(c(c1)N)OC2CC2","InChI=1S/C9H11NO/c10-8-3-1-2-4-9(8)11-7-5-6-7/h1-4,7H,5-6,10H2","FQIRKGJATBUFIV-UHFFFAOYSA-N"
13283106,"(2E)-3-Anilino-2-propen-1-ol",149.084061,"C9H11NO","c1ccc(cc1)N/C=C/CO","InChI=1S/C9H11NO/c11-8-4-7-10-9-5-2-1-3-6-9/h1-7,10-11H,8H2/b7-4+","BIVOEKZXGCZUMV-QPJJXVBHSA-N"
13557710,"1-(4,5-Dimethyl-3-pyridinyl)ethanone",149.084061,"C9H11NO","Cc1cncc(c1C)C(=O)C","InChI=1S/C9H11NO/c1-6-4-10-5-9(7(6)2)8(3)11/h4-5H,1-3H3","QGHINDWOCKVTPK-UHFFFAOYSA-N"
14015400,"3-(3-Buten-1-yl)-4-pyridinol",149.084061,"C9H11NO","C=CCCc1cnccc1O","InChI=1S/C9H11NO/c1-2-3-4-8-7-10-6-5-9(8)11/h2,5-7H,1,3-4H2,(H,10,11)","CPENZRMTOCHLED-UHFFFAOYSA-N"
14254103,"3-Ethyl-2,3-dihydro-1,3-benzoxazole",149.084061,"C9H11NO","CCN1COc2c1cccc2","InChI=1S/C9H11NO/c1-2-10-7-11-9-6-4-3-5-8(9)10/h3-6H,2,7H2,1H3","QVPNVWIHUOTMSS-UHFFFAOYSA-N"
14615995,"4-[(1E)-3-Amino-1-propen-1-yl]phenol",149.084061,"C9H11NO","Oc1ccc(/C=C/CN)cc1","InChI=1S/C9H11NO/c10-7-1-2-8-3-5-9(11)6-4-8/h1-6,11H,7,10H2/b2-1+","PYUVQTNSFBXSCW-OWOJBTEDSA-N"
14775715,"2,3-Dihydro-1H-indol-7-ylmethanol",149.084061,"C9H11NO","c1cc2c(c(c1)CO)NCC2","InChI=1S/C9H11NO/c11-6-8-3-1-2-7-4-5-10-9(7)8/h1-3,10-11H,4-6H2","YEUKLPJLDSENGT-UHFFFAOYSA-N"
14834509,"5-Ethyl-2-methylisonicotinaldehyde",149.084061,"C9H11NO","CCc1cnc(cc1C=O)C","InChI=1S/C9H11NO/c1-3-8-5-10-7(2)4-9(8)6-11/h4-6H,3H2,1-2H3","IUJLKTRYWYNFBP-UHFFFAOYSA-N"
14956142,"3-Methyl-4-(methylamino)benzaldehyde",149.084061,"C9H11NO","Cc1cc(ccc1NC)C=O","InChI=1S/C9H11NO/c1-7-5-8(6-11)3-4-9(7)10-2/h3-6,10H,1-2H3","UECXDZSFDGWNTH-UHFFFAOYSA-N"
17477247,"(4R,6R)-6-Methyl-3-oxatricyclo[3.2.1.0~2,4~]octane-6-carbonitrile",149.084061,"C9H11NO","C[C@]1(CC2CC1[C@@H]3C2O3)C#N","InChI=1S/C9H11NO/c1-9(4-10)3-5-2-6(9)8-7(5)11-8/h5-8H,2-3H2,1H3/t5?,6?,7?,8-,9+/m1/s1","RZRHKOZGVGKBFC-DVIOUDORSA-N"
19119933,"(1S,3R)-3-Amino-1-indanol",149.084061,"C9H11NO","c1ccc2c(c1)[C@@H](C[C@@H]2O)N","InChI=1S/C9H11NO/c10-8-5-9(11)7-4-2-1-3-6(7)8/h1-4,8-9,11H,5,10H2/t8-,9+/m1/s1","PRVIGUZMXLBANS-BDAKNGLRSA-N"
19640650,"4-(3-Pyridinyl)-2-butanone",149.084061,"C9H11NO","CC(=O)CCc1cccnc1","InChI=1S/C9H11NO/c1-8(11)4-5-9-3-2-6-10-7-9/h2-3,6-7H,4-5H2,1H3","OAUNKLBPKLZUSD-UHFFFAOYSA-N"
21107877,"(1R)-1-Amino-4-indanol",149.084061,"C9H11NO","c1cc2c(c(c1)O)CC[C@H]2N","InChI=1S/C9H11NO/c10-8-5-4-7-6(8)2-1-3-9(7)11/h1-3,8,11H,4-5,10H2/t8-/m1/s1","GWFKPABLUSNUAP-MRVPVSSYSA-N"
21171733,"2-(Benzylideneamino)ethanol",149.084061,"C9H11NO","c1ccc(cc1)C=NCCO","InChI=1S/C9H11NO/c11-7-6-10-8-9-4-2-1-3-5-9/h1-5,8,11H,6-7H2","ALUFITGOFDIAAA-UHFFFAOYSA-N"
21403557,"2-(3-Oxocyclohexyl)acrylonitrile",149.084061,"C9H11NO","C=C(C#N)C1CCCC(=O)C1","InChI=1S/C9H11NO/c1-7(6-10)8-3-2-4-9(11)5-8/h8H,1-5H2","VHYCPXOGUGHPHH-UHFFFAOYSA-N"
21408889,"Methyl N-methylbenzenecarboximidate",149.084061,"C9H11NO","C/N=C(\c1ccccc1)/OC","InChI=1S/C9H11NO/c1-10-9(11-2)8-6-4-3-5-7-8/h3-7H,1-2H3/b10-9+","ODCHIEXXFGKZNZ-MDZDMXLPSA-N"
21425476,"3-(4-Pyridinyl)-3-buten-1-ol",149.084061,"C9H11NO","C=C(CCO)c1ccncc1","InChI=1S/C9H11NO/c1-8(4-7-11)9-2-5-10-6-3-9/h2-3,5-6,11H,1,4,7H2","IXBCGNVZZUDZKF-UHFFFAOYSA-N"
23176905,"4-(3-Amino-1-propen-2-yl)phenol",149.084061,"C9H11NO","C=C(CN)c1ccc(cc1)O","InChI=1S/C9H11NO/c1-7(6-10)8-2-4-9(11)5-3-8/h2-5,11H,1,6,10H2","WTPAXJCOBYAKAB-UHFFFAOYSA-N"
23350366,"Phenyl N-methylethanimidate",149.084061,"C9H11NO","CC(=NC)Oc1ccccc1","InChI=1S/C9H11NO/c1-8(10-2)11-9-6-4-3-5-7-9/h3-7H,1-2H3","HIZIUOZOZUJSBQ-UHFFFAOYSA-N"
23978655,"3-Methyl-1,4,5,6-tetrahydrocyclopenta[b]pyrrole-2-carbaldehyde",149.084061,"C9H11NO","Cc1c2c([nH]c1C=O)CCC2","InChI=1S/C9H11NO/c1-6-7-3-2-4-8(7)10-9(6)5-11/h5,10H,2-4H2,1H3","JWZLYAKCRIEMNH-UHFFFAOYSA-N"
24023023,"1-(Cyclopropylmethyl)-1H-pyrrole-2-carbaldehyde",149.084061,"C9H11NO","c1cc(n(c1)CC2CC2)C=O","InChI=1S/C9H11NO/c11-7-9-2-1-5-10(9)6-8-3-4-8/h1-2,5,7-8H,3-4,6H2","MFRZZSPSNMIKKZ-UHFFFAOYSA-N"
24181199,"(Z)-1-(2,4-Dimethylphenyl)-N-hydroxymethanimine",149.084061,"C9H11NO","Cc1ccc(c(c1)C)/C=N\O","InChI=1S/C9H11NO/c1-7-3-4-9(6-10-11)8(2)5-7/h3-6,11H,1-2H3/b10-6-","ZXOXSHIAPHLSAV-POHAHGRESA-N"
24183987,"4-Amino-5-indanol",149.084061,"C9H11NO","c1cc(c(c2c1CCC2)N)O","InChI=1S/C9H11NO/c10-9-7-3-1-2-6(7)4-5-8(9)11/h4-5,11H,1-3,10H2","XPVRISCNCGAMQR-UHFFFAOYSA-N"
24184006,"7-Amino-5-indanol",149.084061,"C9H11NO","c1c(cc(c2c1CCC2)N)O","InChI=1S/C9H11NO/c10-9-5-7(11)4-6-2-1-3-8(6)9/h4-5,11H,1-3,10H2","ABOKCEDAEDDQCD-UHFFFAOYSA-N"
24184010,"(1R,3R)-3-Amino-1-indanol",149.084061,"C9H11NO","c1ccc2c(c1)[C@@H](C[C@H]2O)N","InChI=1S/C9H11NO/c10-8-5-9(11)7-4-2-1-3-6(7)8/h1-4,8-9,11H,5,10H2/t8-,9-/m1/s1","PRVIGUZMXLBANS-RKDXNWHRSA-N"
24184563,"5-(1H-Pyrrol-1-yl)-4-pentyn-2-ol",149.084061,"C9H11NO","CC(CC#Cn1cccc1)O","InChI=1S/C9H11NO/c1-9(11)5-4-8-10-6-2-3-7-10/h2-3,6-7,9,11H,5H2,1H3","KRLUFARPOHZASA-UHFFFAOYSA-N"
24184579,"3-Methyl-5-(4-penten-1-yn-1-yl)-4,5-dihydro-1,2-oxazole",149.084061,"C9H11NO","CC1=NOC(C1)C#CCC=C","InChI=1S/C9H11NO/c1-3-4-5-6-9-7-8(2)10-11-9/h3,9H,1,4,7H2,2H3","ZWSIYVBAMHPQLO-UHFFFAOYSA-N"
24184744,"(1R)-1-(4-Pyridinyl)-3-buten-1-ol",149.084061,"C9H11NO","C=CC[C@H](c1ccncc1)O","InChI=1S/C9H11NO/c1-2-3-9(11)8-4-6-10-7-5-8/h2,4-7,9,11H,1,3H2/t9-/m1/s1","WEPJYMIOJMZLBS-SECBINFHSA-N"
24184745,"(1R)-1-(2-Pyridinyl)-3-buten-1-ol",149.084061,"C9H11NO","C=CC[C@H](c1ccccn1)O","InChI=1S/C9H11NO/c1-2-5-9(11)8-6-3-4-7-10-8/h2-4,6-7,9,11H,1,5H2/t9-/m1/s1","CITJKEXGKDUPEL-SECBINFHSA-N"
24184866,"(1R)-1-(3-Pyridinyl)-3-buten-1-ol",149.084061,"C9H11NO","C=CC[C@H](c1cccnc1)O","InChI=1S/C9H11NO/c1-2-4-9(11)8-5-3-6-10-7-8/h2-3,5-7,9,11H,1,4H2/t9-/m1/s1","NRXCONFJQGCIBF-SECBINFHSA-N"
24184925,"4-Methyl-3,4-dihydro-2H-pyrano[3,2-c]pyridine",149.084061,"C9H11NO","CC1CCOc2c1cncc2","InChI=1S/C9H11NO/c1-7-3-5-11-9-2-4-10-6-8(7)9/h2,4,6-7H,3,5H2,1H3","HXPZXGXPGVRZIP-UHFFFAOYSA-N"
24184987,"(5R,7R)-7-Methyl-6,7-dihydro-5H-cyclopenta[c]pyridin-5-ol",149.084061,"C9H11NO","C[C@@H]1C[C@H](c2c1cncc2)O","InChI=1S/C9H11NO/c1-6-4-9(11)7-2-3-10-5-8(6)7/h2-3,5-6,9,11H,4H2,1H3/t6-,9-/m1/s1","PAULFLQQVQANMT-HZGVNTEJSA-N"
24185146,"(1R,2R)-2-Methyl-1-(2-pyridinyl)cyclopropanol",149.084061,"C9H11NO","C[C@@H]1C[C@@]1(c2ccccn2)O","InChI=1S/C9H11NO/c1-7-6-9(7,11)8-4-2-3-5-10-8/h2-5,7,11H,6H2,1H3/t7-,9-/m1/s1","RUOXJEYBRHDREV-VXNVDRBHSA-N"
24185147,"(1R,2S)-2-Methyl-1-(2-pyridinyl)cyclopropanol",149.084061,"C9H11NO","C[C@H]1C[C@@]1(c2ccccn2)O","InChI=1S/C9H11NO/c1-7-6-9(7,11)8-4-2-3-5-10-8/h2-5,7,11H,6H2,1H3/t7-,9+/m0/s1","RUOXJEYBRHDREV-IONNQARKSA-N"
24185279,"(2E)-3-(4-Methyl-2-pyridinyl)-2-propen-1-ol",149.084061,"C9H11NO","Cc1ccnc(c1)/C=C/CO","InChI=1S/C9H11NO/c1-8-4-5-10-9(7-8)3-2-6-11/h2-5,7,11H,6H2,1H3/b3-2+","CPYBTNSIXYWQDY-NSCUHMNNSA-N"
24185318,"5,6,8,9-Tetrahydrooxepino[4,5-b]pyridine",149.084061,"C9H11NO","c1cc2c(nc1)CCOCC2","InChI=1S/C9H11NO/c1-2-8-3-6-11-7-4-9(8)10-5-1/h1-2,5H,3-4,6-7H2","BYTKHLGLNRAVGK-UHFFFAOYSA-N"
24188985,"7-Methyl-4-isoindolinol",149.084061,"C9H11NO","Cc1ccc(c2c1CNC2)O","InChI=1S/C9H11NO/c1-6-2-3-9(11)8-5-10-4-7(6)8/h2-3,10-11H,4-5H2,1H3","DUYKABWCCUBWEQ-UHFFFAOYSA-N"
24188994,"(6S)-4,6-Dimethyl-2-oxo-3-cyclohexene-1-carbonitrile",149.084061,"C9H11NO","C[C@H]1CC(=CC(=O)C1C#N)C","InChI=1S/C9H11NO/c1-6-3-7(2)8(5-10)9(11)4-6/h4,7-8H,3H2,1-2H3/t7-,8?/m0/s1","YVXQXUXAYGUICG-JAMMHHFISA-N"
24189926,"3-Isopropyl-2-pyridinecarbaldehyde",149.084061,"C9H11NO","CC(C)c1cccnc1C=O","InChI=1S/C9H11NO/c1-7(2)8-4-3-5-10-9(8)6-11/h3-7H,1-2H3","IDULKRZSZVQVJN-UHFFFAOYSA-N"
24189961,"(5Z)-5-[(Dimethylamino)methylene]-1,3-cyclopentadiene-1-carbaldehyde",149.084061,"C9H11NO","CN(C)/C=C\1/C=CC=C1C=O","InChI=1S/C9H11NO/c1-10(2)6-8-4-3-5-9(8)7-11/h3-7H,1-2H3/b8-6-","ZWVCMKOHXSQZML-VURMDHGXSA-N"
24190757,"Tetracyclo[3.2.1.0~1,3~.0~2,7~]octane-2-carboxamide",149.084061,"C9H11NO","C1C2CC3C4(C2)C1C43C(=O)N","InChI=1S/C9H11NO/c10-7(11)9-5-1-4-2-6(9)8(5,9)3-4/h4-6H,1-3H2,(H2,10,11)","SPHXGSRPKGZGEI-UHFFFAOYSA-N"
24196120,"(5S)-5,6-Dihydro-5-indolizinylmethanol",149.084061,"C9H11NO","c1cc2n(c1)[C@@H](CC=C2)CO","InChI=1S/C9H11NO/c11-7-9-4-1-3-8-5-2-6-10(8)9/h1-3,5-6,9,11H,4,7H2/t9-/m0/s1","RDJCVWHWWOWDGF-VIFPVBQESA-N"
24196124,"8-Methylene-1,5,8,8a-tetrahydro-3(2H)-indolizinone",149.084061,"C9H11NO","C=C1C=CCN2C1CCC2=O","InChI=1S/C9H11NO/c1-7-3-2-6-10-8(7)4-5-9(10)11/h2-3,8H,1,4-6H2","UTCIUAALJQOSNT-UHFFFAOYSA-N"
24196127,"1-(3-Cyclopenten-1-yl)-1,5-dihydro-2H-pyrrol-2-one",149.084061,"C9H11NO","C1C=CCC1N2CC=CC2=O","InChI=1S/C9H11NO/c11-9-6-3-7-10(9)8-4-1-2-5-8/h1-3,6,8H,4-5,7H2","KDVLJGKTOSBFDH-UHFFFAOYSA-N"
24196128,"1,3-Dimethyl-5-vinyl-2(1H)-pyridinone",149.084061,"C9H11NO","Cc1cc(cn(c1=O)C)C=C","InChI=1S/C9H11NO/c1-4-8-5-7(2)9(11)10(3)6-8/h4-6H,1H2,2-3H3","OVRSXZQLVDUCCD-UHFFFAOYSA-N"
24196129,"5,6,7,8-Tetrahydro-3H-pyrrolo[1,2-a]azepin-3-one",149.084061,"C9H11NO","C1CCN2C(=CC1)C=CC2=O","InChI=1S/C9H11NO/c11-9-6-5-8-4-2-1-3-7-10(8)9/h4-6H,1-3,7H2","ILGMQCXAKPQLGQ-UHFFFAOYSA-N"
24196130,"(9aR)-7,8,9,9a-Tetrahydro-3H-pyrrolo[1,2-a]azepin-3-one",149.084061,"C9H11NO","C1CC=CN2[C@H](C1)C=CC2=O","InChI=1S/C9H11NO/c11-9-6-5-8-4-2-1-3-7-10(8)9/h3,5-8H,1-2,4H2/t8-/m1/s1","LLXYQYKVPYPYMD-MRVPVSSYSA-N"
24196131,"(9aR)-5,6,9,9a-Tetrahydro-3H-pyrrolo[1,2-a]azepin-3-one",149.084061,"C9H11NO","C1CN2[C@H](CC=C1)C=CC2=O","InChI=1S/C9H11NO/c11-9-6-5-8-4-2-1-3-7-10(8)9/h1-2,5-6,8H,3-4,7H2/t8-/m1/s1","NEFFPJBUYDLKGQ-MRVPVSSYSA-N"
24196135,"2-Methyl-2,3,4,5-tetrahydro-1H-isoindol-1-one",149.084061,"C9H11NO","CN1CC2=C(C1=O)C=CCC2","InChI=1S/C9H11NO/c1-10-6-7-4-2-3-5-8(7)9(10)11/h3,5H,2,4,6H2,1H3","USBABSSEPKJABC-UHFFFAOYSA-N"
24196142,"2-(1-Vinyl-1H-pyrrol-2-yl)propanal",149.084061,"C9H11NO","CC(C=O)c1cccn1C=C","InChI=1S/C9H11NO/c1-3-10-6-4-5-9(10)8(2)7-11/h3-8H,1H2,2H3","GRUBIHYBFCPVJW-UHFFFAOYSA-N"
24196143,"1-(1-Methyl-1H-pyrrol-2-yl)-3-butyn-1-ol",149.084061,"C9H11NO","Cn1cccc1C(CC#C)O","InChI=1S/C9H11NO/c1-3-5-9(11)8-6-4-7-10(8)2/h1,4,6-7,9,11H,5H2,2H3","TXBGKCGCIKYKRC-UHFFFAOYSA-N"
24196145,"(7aS)-5,6-Bis(methylene)hexahydro-3H-pyrrolizin-3-one",149.084061,"C9H11NO","C=C1C[C@@H]2CCC(=O)N2C1=C","InChI=1S/C9H11NO/c1-6-5-8-3-4-9(11)10(8)7(6)2/h8H,1-5H2/t8-/m0/s1","IENWNYTUOVEKCB-QMMMGPOBSA-N"
24600159,"4,6,7,8-Tetrahydro-5(4aH)-quinolinone",149.084061,"C9H11NO","C1CC2=NC=CCC2C(=O)C1","InChI=1S/C9H11NO/c11-9-5-1-4-8-7(9)3-2-6-10-8/h2,6-7H,1,3-5H2","BEZKUYGXNWHYSR-UHFFFAOYSA-N"
26267098,"3-Amino-2-phenylpropanal",149.084061,"C9H11NO","c1ccc(cc1)C(CN)C=O","InChI=1S/C9H11NO/c10-6-9(7-11)8-4-2-1-3-5-8/h1-5,7,9H,6,10H2","LZCIVJTZYJHULZ-UHFFFAOYSA-N"
26526759,"2-Isopropenyl-5-methoxypyridine",149.084061,"C9H11NO","CC(=C)c1ccc(cn1)OC","InChI=1S/C9H11NO/c1-7(2)9-5-4-8(11-3)6-10-9/h4-6H,1H2,2-3H3","FYFCHNGSUMWJFL-UHFFFAOYSA-N"
26526761,"6-(1-Methylcyclopropyl)-3-pyridinol",149.084061,"C9H11NO","CC1(CC1)c2ccc(cn2)O","InChI=1S/C9H11NO/c1-9(4-5-9)8-3-2-7(11)6-10-8/h2-3,6,11H,4-5H2,1H3","RUJBBECXKALYQL-UHFFFAOYSA-N"
26997770,"(1R)-1-Amino-1-indanol",149.084061,"C9H11NO","c1ccc2c(c1)CC[C@@]2(N)O","InChI=1S/C9H11NO/c10-9(11)6-5-7-3-1-2-4-8(7)9/h1-4,11H,5-6,10H2/t9-/m1/s1","HDXFCPZKMFTOLH-SECBINFHSA-N"
27017411,"2-Methoxy-5-vinylaniline",149.084061,"C9H11NO","COc1ccc(cc1N)C=C","InChI=1S/C9H11NO/c1-3-7-4-5-9(11-2)8(10)6-7/h3-6H,1,10H2,2H3","RZMVOIDCAVZMGU-UHFFFAOYSA-N"
27017418,"2-(Allyloxy)-1-cyclopentene-1-carbonitrile",149.084061,"C9H11NO","C=CCOC1=C(CCC1)C#N","InChI=1S/C9H11NO/c1-2-6-11-9-5-3-4-8(9)7-10/h2H,1,3-6H2","NGOWJWITVMHZRP-UHFFFAOYSA-N"
28189935,"5-Methyl-4-isoindolinol",149.084061,"C9H11NO","Cc1ccc2c(c1O)CNC2","InChI=1S/C9H11NO/c1-6-2-3-7-4-10-5-8(7)9(6)11/h2-3,10-11H,4-5H2,1H3","UCELCHHTIVIRHS-UHFFFAOYSA-N"
28189942,"2-Methyl-4-isoindolinol",149.084061,"C9H11NO","CN1Cc2cccc(c2C1)O","InChI=1S/C9H11NO/c1-10-5-7-3-2-4-9(11)8(7)6-10/h2-4,11H,5-6H2,1H3","YPUZHHMLMNIYDW-UHFFFAOYSA-N"
28291576,"(2E)-3-(3-Pyridinyl)-2-buten-1-ol",149.084061,"C9H11NO","C/C(=C\CO)/c1cccnc1","InChI=1S/C9H11NO/c1-8(4-6-11)9-3-2-5-10-7-9/h2-5,7,11H,6H2,1H3/b8-4+","GWZVCBAVEVIIAK-XBXARRHUSA-N"
28291587,"(3E)-4-(3-Pyridinyl)-3-buten-1-ol",149.084061,"C9H11NO","c1cc(cnc1)/C=C/CCO","InChI=1S/C9H11NO/c11-7-2-1-4-9-5-3-6-10-8-9/h1,3-6,8,11H,2,7H2/b4-1+","QEHQTZMHYFUKIB-DAFODLJHSA-N"
28291588,"(3E)-4-(4-Pyridinyl)-3-buten-1-ol",149.084061,"C9H11NO","c1cnccc1/C=C/CCO","InChI=1S/C9H11NO/c11-8-2-1-3-9-4-6-10-7-5-9/h1,3-7,11H,2,8H2/b3-1+","NLLNCFTVYFRQSZ-HNQUOIGGSA-N"
28570798,"(2E)-3-Imino-2-(2-propen-1-ylidene)cyclohexanone",149.084061,"C9H11NO","C=C/C=C/1\C(=N)CCCC1=O","InChI=1S/C9H11NO/c1-2-4-7-8(10)5-3-6-9(7)11/h2,4,10H,1,3,5-6H2/b7-4+,10-8?","BBSBMUPAUVZDMT-ZWZRPYISSA-N"
28605279,"(4R)-1,2,3,4-Tetrahydro-4-isoquinolinol",149.084061,"C9H11NO","c1ccc2c(c1)CNC[C@@H]2O","InChI=1S/C9H11NO/c11-9-6-10-5-7-3-1-2-4-8(7)9/h1-4,9-11H,5-6H2/t9-/m0/s1","HTHIHJJKFYXSOQ-VIFPVBQESA-N"
28613933,"6-Methyl-2,5,6,7-tetrahydro-4H-isoindol-4-one",149.084061,"C9H11NO","CC1Cc2c[nH]cc2C(=O)C1","InChI=1S/C9H11NO/c1-6-2-7-4-10-5-8(7)9(11)3-6/h4-6,10H,2-3H2,1H3","YHCIENLNNNYAHT-UHFFFAOYSA-N"
28676634,"N-Methyl-N-(2-methylbenzylidene)amine oxide",149.084061,"C9H11NO","Cc1ccccc1C=[N+](C)[O-]","InChI=1S/C9H11NO/c1-8-5-3-4-6-9(8)7-10(2)11/h3-7H,1-2H3","SZCGVKIAFPQVOY-UHFFFAOYSA-N"
28678609,"2,2-Dimethyl-2,3-dihydro-1,3-benzoxazole",149.084061,"C9H11NO","CC1(Nc2ccccc2O1)C","InChI=1S/C9H11NO/c1-9(2)10-7-5-3-4-6-8(7)11-9/h3-6,10H,1-2H3","LHZNHUPCOHTNLE-UHFFFAOYSA-N"
28678720,"N-Phenyl-N-propylideneamine oxide",149.084061,"C9H11NO","CCC=[N+](c1ccccc1)[O-]","InChI=1S/C9H11NO/c1-2-8-10(11)9-6-4-3-5-7-9/h3-8H,2H2,1H3","QIVGSVJURLJUQG-UHFFFAOYSA-N"
28681531,"[3-(Aminooxy)-1-propen-1-yl]benzene",149.084061,"C9H11NO","c1ccc(cc1)C=CCON","InChI=1S/C9H11NO/c10-11-8-4-7-9-5-2-1-3-6-9/h1-7H,8,10H2","LNDQCUFUWOQFTL-UHFFFAOYSA-N"
28685757,"5-Methyl-1H-indole hydrate (1:1)",149.084061,"C9H11NO","Cc1ccc2c(c1)cc[nH]2.O","InChI=1S/C9H9N.H2O/c1-7-2-3-9-8(6-7)4-5-10-9;/h2-6,10H,1H3;1H2","OIVKNKRJYUATTK-UHFFFAOYSA-N"
28689247,"(1-Phenyl-2-aziridinyl)methanol",149.084061,"C9H11NO","c1ccc(cc1)N2CC2CO","InChI=1S/C9H11NO/c11-7-9-6-10(9)8-4-2-1-3-5-8/h1-5,9,11H,6-7H2","IGDGFTDCFCGNMQ-UHFFFAOYSA-N"
28695478,"N-(2-Propyn-1-yl)-2,4-hexadienamide",149.084061,"C9H11NO","CC=CC=CC(=O)NCC#C","InChI=1S/C9H11NO/c1-3-5-6-7-9(11)10-8-4-2/h2-3,5-7H,8H2,1H3,(H,10,11)","IBFRKTYOAHVZNK-UHFFFAOYSA-N"
28707874,"2-Ethanimidoyl-5-methylphenol",149.084061,"C9H11NO","Cc1ccc(c(c1)O)C(=N)C","InChI=1S/C9H11NO/c1-6-3-4-8(7(2)10)9(11)5-6/h3-5,10-11H,1-2H3","HTORXXVWATYYRY-UHFFFAOYSA-N"
28719484,"2-Ethyl-6-(iminomethyl)phenol",149.084061,"C9H11NO","CCc1cccc(c1O)C=N","InChI=1S/C9H11NO/c1-2-7-4-3-5-8(6-10)9(7)11/h3-6,10-11H,2H2,1H3","NVDGJVBFRNZMJY-UHFFFAOYSA-N"
28735300,"1-(2-Methyl-2-propen-1-yl)-2(1H)-pyridinone",149.084061,"C9H11NO","CC(=C)Cn1ccccc1=O","InChI=1S/C9H11NO/c1-8(2)7-10-6-4-3-5-9(10)11/h3-6H,1,7H2,2H3","HRVIBQNFRNTQPT-UHFFFAOYSA-N"
28743686,"1-(3-Buten-1-yl)-2(1H)-pyridinone",149.084061,"C9H11NO","C=CCCn1ccccc1=O","InChI=1S/C9H11NO/c1-2-3-7-10-8-5-4-6-9(10)11/h2,4-6,8H,1,3,7H2","ISDIYKOBSKQEQU-UHFFFAOYSA-N"
28824219,"5,6,7,8-Tetrahydro-2(3H)-quinolinone",149.084061,"C9H11NO","C1CCC2=NC(=O)CC=C2C1","InChI=1S/C9H11NO/c11-9-6-5-7-3-1-2-4-8(7)10-9/h5H,1-4,6H2","BXOWVQUHCKALON-UHFFFAOYSA-N"
28825726,"(3Z)-3-Methyl-4-(1H-pyrrol-2-yl)-3-buten-2-one",149.084061,"C9H11NO","C/C(=C/c1ccc[nH]1)/C(=O)C","InChI=1S/C9H11NO/c1-7(8(2)11)6-9-4-3-5-10-9/h3-6,10H,1-2H3/b7-6-","SKLREDZKHHZPON-SREVYHEPSA-N"
28943748,"2-ethyl-6-methyl-pyridine-3-carbaldehyde",149.084061,"C9H11NO","CCc1c(ccc(n1)C)C=O","InChI=1S/C9H11NO/c1-3-9-8(6-11)5-4-7(2)10-9/h4-6H,3H2,1-2H3","RQGNTWUGGXIPSE-UHFFFAOYSA-N"
29315761,"(1S)-1-Amino-1-indanol",149.084061,"C9H11NO","c1ccc2c(c1)CC[C@]2(N)O","InChI=1S/C9H11NO/c10-9(11)6-5-7-3-1-2-4-8(7)9/h1-4,11H,5-6,10H2/t9-/m0/s1","HDXFCPZKMFTOLH-VIFPVBQESA-N"
29319601,"2-[(1Z)-N-Methylethanimidoyl]phenol",149.084061,"C9H11NO","C/C(=N/C)/c1ccccc1O","InChI=1S/C9H11NO/c1-7(10-2)8-5-3-4-6-9(8)11/h3-6,11H,1-2H3/b10-7-","ZTFWAKPIMFYDAO-YFHOEESVSA-N"
29319614,"4-Oxa-5-azatricyclo[6.2.1.0~1,6~]undeca-2,5-diene",149.084061,"C9H11NO","C1CC23CC1CC2=NOC=C3","InChI=1S/C9H11NO/c1-2-9-3-4-11-10-8(9)5-7(1)6-9/h3-4,7H,1-2,5-6H2","QHUHWCUZWSOPIK-UHFFFAOYSA-N"
29320331,"2-Allyl-3-aminophenol",149.084061,"C9H11NO","C=CCc1c(cccc1O)N","InChI=1S/C9H11NO/c1-2-4-7-8(10)5-3-6-9(7)11/h2-3,5-6,11H,1,4,10H2","MVHYGMHWBTWAHA-UHFFFAOYSA-N"
29320693,"2-Methoxyisoindoline",149.084061,"C9H11NO","CON1Cc2ccccc2C1","InChI=1S/C9H11NO/c1-11-10-6-8-4-2-3-5-9(8)7-10/h2-5H,6-7H2,1H3","RJRNHCNJIRBPDF-UHFFFAOYSA-N"
29327529,"2,3,4a,5-Tetrahydro-4(1H)-quinolinone",149.084061,"C9H11NO","C1CNC2=CC=CCC2C1=O","InChI=1S/C9H11NO/c11-9-5-6-10-8-4-2-1-3-7(8)9/h1-2,4,7,10H,3,5-6H2","PACKYNVUQVOINR-UHFFFAOYSA-N"
29339517,"4-Isopropyl-2-pyridinecarbaldehyde",149.084061,"C9H11NO","CC(C)c1ccnc(c1)C=O","InChI=1S/C9H11NO/c1-7(2)8-3-4-10-9(5-8)6-11/h3-7H,1-2H3","HWUMMUXMUNZXFQ-UHFFFAOYSA-N"
29777348,"4-Ethoxy-2-vinylpyridine",149.084061,"C9H11NO","CCOc1ccnc(c1)C=C","InChI=1S/C9H11NO/c1-3-8-7-9(11-4-2)5-6-10-8/h3,5-7H,1,4H2,2H3","UFOREBREQXDAIY-UHFFFAOYSA-N"
29777699,"5-Ethyl-4-methyl-2-pyridinecarbaldehyde",149.084061,"C9H11NO","CCc1cnc(cc1C)C=O","InChI=1S/C9H11NO/c1-3-8-5-10-9(6-11)4-7(8)2/h4-6H,3H2,1-2H3","YSUSGWZURXGAGY-UHFFFAOYSA-N"
29777760,"(1E)-2-Amino-1-phenyl-1-propen-1-ol",149.084061,"C9H11NO","C/C(=C(/c1ccccc1)\O)/N","InChI=1S/C9H11NO/c1-7(10)9(11)8-5-3-2-4-6-8/h2-6,11H,10H2,1H3/b9-7+","YGGFLXISWLIPPI-VQHVLOKHSA-N"
29777908,"(3E)-3-[(Dimethylamino)methylene]-1,4-cyclopentadiene-1-carbaldehyde",149.084061,"C9H11NO","CN(C)/C=C/1\C=CC(=C1)C=O","InChI=1S/C9H11NO/c1-10(2)6-8-3-4-9(5-8)7-11/h3-7H,1-2H3/b8-6+","BTXPWQOMGRYMGB-SOFGYWHQSA-N"
30777407,"5-(5-Methyl-2-furyl)-3,4-dihydro-2H-pyrrole",149.084061,"C9H11NO","Cc1ccc(o1)C2=NCCC2","InChI=1S/C9H11NO/c1-7-4-5-9(11-7)8-3-2-6-10-8/h4-5H,2-3,6H2,1H3","FCHSRBDFHOMGQE-UHFFFAOYSA-N"
30783807,"5-Cyclopropyl-2-methoxypyridine",149.084061,"C9H11NO","COc1ccc(cn1)C2CC2","InChI=1S/C9H11NO/c1-11-9-5-4-8(6-10-9)7-2-3-7/h4-7H,2-3H2,1H3","YUFQWPLVENFXJW-UHFFFAOYSA-N"
30783838,"5-Allyl-2-methoxypyridine",149.084061,"C9H11NO","COc1ccc(cn1)CC=C","InChI=1S/C9H11NO/c1-3-4-8-5-6-9(11-2)10-7-8/h3,5-7H,1,4H2,2H3","VKLOKUBKCRMJDE-UHFFFAOYSA-N"
30799784,"[1-(4-Pyridinyl)cyclopropyl]methanol",149.084061,"C9H11NO","c1cnccc1C2(CC2)CO","InChI=1S/C9H11NO/c11-7-9(3-4-9)8-1-5-10-6-2-8/h1-2,5-6,11H,3-4,7H2","ORCDZAYBUQHQAV-UHFFFAOYSA-N"
30804863,"4-Allyl-3-aminophenol",149.084061,"C9H11NO","C=CCc1ccc(cc1N)O","InChI=1S/C9H11NO/c1-2-3-7-4-5-8(11)6-9(7)10/h2,4-6,11H,1,3,10H2","OYFMCMKHILAVHB-UHFFFAOYSA-N"
30989966,"4-Methyl-1,3-dihydro-2-benzofuran-5-amine",149.084061,"C9H11NO","Cc1c(ccc2c1COC2)N","InChI=1S/C9H11NO/c1-6-8-5-11-4-7(8)2-3-9(6)10/h2-3H,4-5,10H2,1H3","QMUNGVHKZHNRLG-UHFFFAOYSA-N"
32038072,"3-(4-Methyl-3-pyridinyl)propanal",149.084061,"C9H11NO","Cc1ccncc1CCC=O","InChI=1S/C9H11NO/c1-8-4-5-10-7-9(8)3-2-6-11/h4-7H,2-3H2,1H3","KEZHLGAPFPFBRR-UHFFFAOYSA-N"
32677629,"4-(3-Furyl)-1,2,3,6-tetrahydropyridine",149.084061,"C9H11NO","c1cocc1C2=CCNCC2","InChI=1S/C9H11NO/c1-4-10-5-2-8(1)9-3-6-11-7-9/h1,3,6-7,10H,2,4-5H2","RNBILFYIZWIECZ-UHFFFAOYSA-N"
32677771,"[Methyl(phenyl)amino]acetaldehyde",149.084061,"C9H11NO","CN(CC=O)c1ccccc1","InChI=1S/C9H11NO/c1-10(7-8-11)9-5-3-2-4-6-9/h2-6,8H,7H2,1H3","TWFDXHRHORFSSI-UHFFFAOYSA-N"
32682263,"6,7,8,9-Tetrahydro-4H-quinolizin-4-one",149.084061,"C9H11NO","c1cc2n(c(=O)c1)CCCC2","InChI=1S/C9H11NO/c11-9-6-3-5-8-4-1-2-7-10(8)9/h3,5-6H,1-2,4,7H2","COPYQTHBVCHZHI-UHFFFAOYSA-N"
32686404,"6,7,8,9-Tetrahydro-2H-quinolizin-2-one",149.084061,"C9H11NO","c1cn2c(cc1=O)CCCC2","InChI=1S/C9H11NO/c11-9-4-6-10-5-2-1-3-8(10)7-9/h4,6-7H,1-3,5H2","WHGNZMOACMABBR-UHFFFAOYSA-N"
32686769,"(3S)-1,2,3,4-Tetrahydro-3-quinolinol",149.084061,"C9H11NO","c1ccc2c(c1)C[C@@H](CN2)O","InChI=1S/C9H11NO/c11-8-5-7-3-1-2-4-9(7)10-6-8/h1-4,8,10-11H,5-6H2/t8-/m0/s1","BCUWDJPRIHGCRN-QMMMGPOBSA-N"
32702779,"2-Amino-3-ethylbenzaldehyde",149.084061,"C9H11NO","CCc1cccc(c1N)C=O","InChI=1S/C9H11NO/c1-2-7-4-3-5-8(6-11)9(7)10/h3-6H,2,10H2,1H3","VAYCODQETWRCND-UHFFFAOYSA-N"
32786789,"(5S)-5,6,7,8-Tetrahydro-5-quinolinol",149.084061,"C9H11NO","c1cc2c(nc1)CCC[C@@H]2O","InChI=1S/C9H11NO/c11-9-5-1-4-8-7(9)3-2-6-10-8/h2-3,6,9,11H,1,4-5H2/t9-/m0/s1","LANQCUHPUQHIAO-VIFPVBQESA-N"
32786941,"(4S)-1,2,3,4-Tetrahydro-4-quinolinol",149.084061,"C9H11NO","c1ccc2c(c1)[C@H](CCN2)O","InChI=1S/C9H11NO/c11-9-5-6-10-8-4-2-1-3-7(8)9/h1-4,9-11H,5-6H2/t9-/m0/s1","RYPZGQVVZOCWGK-VIFPVBQESA-N"
32789160,"(4S)-1,2,3,4-Tetrahydro-4-isoquinolinol",149.084061,"C9H11NO","c1ccc2c(c1)CNC[C@H]2O","InChI=1S/C9H11NO/c11-9-6-10-5-7-3-1-2-4-8(7)9/h1-4,9-11H,5-6H2/t9-/m1/s1","HTHIHJJKFYXSOQ-SECBINFHSA-N"
32789997,"(2R)-2-Methyl-2,3-dihydro-1-benzofuran-7-amine",149.084061,"C9H11NO","C[C@@H]1Cc2cccc(c2O1)N","InChI=1S/C9H11NO/c1-6-5-7-3-2-4-8(10)9(7)11-6/h2-4,6H,5,10H2,1H3/t6-/m1/s1","DRJZUEHEOHJEJW-ZCFIWIBFSA-N"
32789998,"(2S)-2-Methyl-2,3-dihydro-1-benzofuran-7-amine",149.084061,"C9H11NO","C[C@H]1Cc2cccc(c2O1)N","InChI=1S/C9H11NO/c1-6-5-7-3-2-4-8(10)9(7)11-6/h2-4,6H,5,10H2,1H3/t6-/m0/s1","DRJZUEHEOHJEJW-LURJTMIESA-N"
32790234,"(1S)-1-Allyl-2-oxocyclopentanecarbonitrile",149.084061,"C9H11NO","C=CC[C@@]1(CCCC1=O)C#N","InChI=1S/C9H11NO/c1-2-5-9(7-10)6-3-4-8(9)11/h2H,1,3-6H2/t9-/m1/s1","KDFXAJQSHMBKNY-SECBINFHSA-N"
32790235,"(1R)-1-Allyl-2-oxocyclopentanecarbonitrile",149.084061,"C9H11NO","C=CC[C@]1(CCCC1=O)C#N","InChI=1S/C9H11NO/c1-2-5-9(7-10)6-3-4-8(9)11/h2H,1,3-6H2/t9-/m0/s1","KDFXAJQSHMBKNY-VIFPVBQESA-N"
32793525,"(1R)-6-Amino-1-indanol",149.084061,"C9H11NO","c1cc2c(cc1N)[C@@H](CC2)O","InChI=1S/C9H11NO/c10-7-3-1-6-2-4-9(11)8(6)5-7/h1,3,5,9,11H,2,4,10H2/t9-/m1/s1","JNHXSWSVDTZYQX-SECBINFHSA-N"
32793526,"(1S)-6-Amino-1-indanol",149.084061,"C9H11NO","c1cc2c(cc1N)[C@H](CC2)O","InChI=1S/C9H11NO/c10-7-3-1-6-2-4-9(11)8(6)5-7/h1,3,5,9,11H,2,4,10H2/t9-/m0/s1","JNHXSWSVDTZYQX-VIFPVBQESA-N"
32800861,"(4S)-3,4-Dihydro-1H-isochromen-4-amine",149.084061,"C9H11NO","c1ccc2c(c1)COC[C@H]2N","InChI=1S/C9H11NO/c10-9-6-11-5-7-3-1-2-4-8(7)9/h1-4,9H,5-6,10H2/t9-/m1/s1","BDYWBOBBXXDXHU-SECBINFHSA-N"
32800862,"(4R)-3,4-Dihydro-1H-isochromen-4-amine",149.084061,"C9H11NO","c1ccc2c(c1)COC[C@@H]2N","InChI=1S/C9H11NO/c10-9-6-11-5-7-3-1-2-4-8(7)9/h1-4,9H,5-6,10H2/t9-/m0/s1","BDYWBOBBXXDXHU-VIFPVBQESA-N"
32973132,"2-Methyl-2,3-dihydro-1-benzofuran-6-amine",149.084061,"C9H11NO","CC1Cc2ccc(cc2O1)N","InChI=1S/C9H11NO/c1-6-4-7-2-3-8(10)5-9(7)11-6/h2-3,5-6H,4,10H2,1H3","RPEQIQKCGWJEDN-UHFFFAOYSA-N"
32973185,"4-Amino-3,5-dimethyl-2,4,6-cycloheptatrien-1-one",149.084061,"C9H11NO","Cc1ccc(=O)cc(c1N)C","InChI=1S/C9H11NO/c1-6-3-4-8(11)5-7(2)9(6)10/h3-5H,10H2,1-2H3","XFQLSYQTIUTJCK-UHFFFAOYSA-N"
32973668,"4-Amino-2,5-dimethylbenzaldehyde",149.084061,"C9H11NO","Cc1cc(c(cc1N)C)C=O","InChI=1S/C9H11NO/c1-6-4-9(10)7(2)3-8(6)5-11/h3-5H,10H2,1-2H3","UZCDQOXDZFEIPU-UHFFFAOYSA-N"
32973673,"5-Amino-2-cyclopropylphenol",149.084061,"C9H11NO","c1cc(c(cc1N)O)C2CC2","InChI=1S/C9H11NO/c10-7-3-4-8(6-1-2-6)9(11)5-7/h3-6,11H,1-2,10H2","LDYAJWCQHSPKAU-UHFFFAOYSA-N"
32973819,"5-Methyl-2,3-dihydro-1-benzofuran-7-amine",149.084061,"C9H11NO","Cc1cc2c(c(c1)N)OCC2","InChI=1S/C9H11NO/c1-6-4-7-2-3-11-9(7)8(10)5-6/h4-5H,2-3,10H2,1H3","WALQPXMNTGSWDW-UHFFFAOYSA-N"
32978489,"3-(1H-Pyrrol-2-yl)cyclopentanone",149.084061,"C9H11NO","c1cc([nH]c1)C2CCC(=O)C2","InChI=1S/C9H11NO/c11-8-4-3-7(6-8)9-2-1-5-10-9/h1-2,5,7,10H,3-4,6H2","MEHZOSMXOWTRPU-UHFFFAOYSA-N"
32978613,"2-(2,4,6-Cycloheptatrien-1-yl)acetamide",149.084061,"C9H11NO","C1=CC=CC(C=C1)CC(=O)N","InChI=1S/C9H11NO/c10-9(11)7-8-5-3-1-2-4-6-8/h1-6,8H,7H2,(H2,10,11)","CKVDFWDAPUBSQN-UHFFFAOYSA-N"
32978621,"2-Allyl-5-aminophenol",149.084061,"C9H11NO","C=CCc1ccc(cc1O)N","InChI=1S/C9H11NO/c1-2-3-7-4-5-8(10)6-9(7)11/h2,4-6,11H,1,3,10H2","TZZZFGNAVOGWKM-UHFFFAOYSA-N"
32978622,"3-Methylbicyclo[4.1.0]hepta-2,4-diene-7-carboxamide",149.084061,"C9H11NO","CC1=CC2C(C2C(=O)N)C=C1","InChI=1S/C9H11NO/c1-5-2-3-6-7(4-5)8(6)9(10)11/h2-4,6-8H,1H3,(H2,10,11)","QNWLUNCGQSAHHY-UHFFFAOYSA-N"
32978733,"3-Amino-2-(2-propyn-1-yl)-2-cyclohexen-1-one",149.084061,"C9H11NO","C#CCC1=C(CCCC1=O)N","InChI=1S/C9H11NO/c1-2-4-7-8(10)5-3-6-9(7)11/h1H,3-6,10H2","WDWRGPBVJCUGLE-UHFFFAOYSA-N"
32978863,"5-Methoxy-2-vinylaniline",149.084061,"C9H11NO","COc1ccc(c(c1)N)C=C","InChI=1S/C9H11NO/c1-3-7-4-5-8(11-2)6-9(7)10/h3-6H,1,10H2,2H3","OAEYKINLSQOGQG-UHFFFAOYSA-N"
32979195,"4-Amino-2-[(1E)-1-propen-1-yl]phenol",149.084061,"C9H11NO","C/C=C/c1cc(ccc1O)N","InChI=1S/C9H11NO/c1-2-3-7-6-8(10)4-5-9(7)11/h2-6,11H,10H2,1H3/b3-2+","IQKHUJFQHNXZNU-NSCUHMNNSA-N"
32979773,"(1R,2S)-2-Phenoxycyclopropanamine",149.084061,"C9H11NO","c1ccc(cc1)O[C@H]2C[C@H]2N","InChI=1S/C9H11NO/c10-8-6-9(8)11-7-4-2-1-3-5-7/h1-5,8-9H,6,10H2/t8-,9+/m1/s1","LWTVCQHYQVDFLN-BDAKNGLRSA-N"
32979886,"4-Methoxybicyclo[4.2.0]octa-1,3,5-trien-7-amine",149.084061,"C9H11NO","COc1ccc2c(c1)C(C2)N","InChI=1S/C9H11NO/c1-11-7-3-2-6-4-9(10)8(6)5-7/h2-3,5,9H,4,10H2,1H3","UFTXVTAWYKFFLJ-UHFFFAOYSA-N"
32979896,"4-Methyl-1,3,5-cycloheptatriene-1-carboxamide",149.084061,"C9H11NO","CC1=CC=C(CC=C1)C(=O)N","InChI=1S/C9H11NO/c1-7-3-2-4-8(6-5-7)9(10)11/h2-3,5-6H,4H2,1H3,(H2,10,11)","FXIQQLMNUXCTOK-UHFFFAOYSA-N"
32979897,"2-Amino-4,7-dimethyl-2,4,6-cycloheptatrien-1-one",149.084061,"C9H11NO","Cc1ccc(c(=O)c(c1)N)C","InChI=1S/C9H11NO/c1-6-3-4-7(2)9(11)8(10)5-6/h3-5H,1-2H3,(H2,10,11)","UIGPWNATXKGWRT-UHFFFAOYSA-N"
32979898,"7-Amino-2,4-dimethyl-2,4,6-cycloheptatrien-1-one",149.084061,"C9H11NO","Cc1ccc(c(=O)c(c1)C)N","InChI=1S/C9H11NO/c1-6-3-4-8(10)9(11)7(2)5-6/h3-5H,1-2H3,(H2,10,11)","FSZNYAZXOBZMFT-UHFFFAOYSA-N"
32979899,"2-Amino-3,6-dimethylbenzaldehyde",149.084061,"C9H11NO","Cc1ccc(c(c1C=O)N)C","InChI=1S/C9H11NO/c1-6-3-4-7(2)9(10)8(6)5-11/h3-5H,10H2,1-2H3","SMSNKLRMPGVYSJ-UHFFFAOYSA-N"
32980204,"3-Amino-3-phenylpropanal",149.084061,"C9H11NO","c1ccc(cc1)C(CC=O)N","InChI=1S/C9H11NO/c10-9(6-7-11)8-4-2-1-3-5-8/h1-5,7,9H,6,10H2","XCEAXSRYEFGESE-UHFFFAOYSA-N"
32980374,"1-[(2S,3R)-3-Phenyl-2-oxiranyl]methanamine",149.084061,"C9H11NO","c1ccc(cc1)[C@@H]2[C@@H](O2)CN","InChI=1S/C9H11NO/c10-6-8-9(11-8)7-4-2-1-3-5-7/h1-5,8-9H,6,10H2/t8-,9+/m0/s1","HHGZCFDVFNFNLX-DTWKUNHWSA-N"
32980858,"2-(2-Aminophenyl)propanal",149.084061,"C9H11NO","CC(C=O)c1ccccc1N","InChI=1S/C9H11NO/c1-7(6-11)8-4-2-3-5-9(8)10/h2-7H,10H2,1H3","ACGJTGHPFLXZAS-UHFFFAOYSA-N"
32981096,"7-Amino-2,3-dimethyl-2,4,6-cycloheptatrien-1-one",149.084061,"C9H11NO","Cc1cccc(c(=O)c1C)N","InChI=1S/C9H11NO/c1-6-4-3-5-8(10)9(11)7(6)2/h3-5H,1-2H3,(H2,10,11)","MGYKJTMRDQFKQR-UHFFFAOYSA-N"
32981171,"2,4-Nonadiynamide",149.084061,"C9H11NO","CCCCC#CC#CC(=O)N","InChI=1S/C9H11NO/c1-2-3-4-5-6-7-8-9(10)11/h2-4H2,1H3,(H2,10,11)","SGWCBMYXHDGEFZ-UHFFFAOYSA-N"
32981406,"(6Z)-6-(1-Aminoethylidene)-3-methyl-2,4-cyclohexadien-1-one",149.084061,"C9H11NO","CC1=CC(=O)/C(=C(/C)\N)/C=C1","InChI=1S/C9H11NO/c1-6-3-4-8(7(2)10)9(11)5-6/h3-5H,10H2,1-2H3/b8-7-","IHUKPHYWFDZWHB-FPLPWBNLSA-N"
32981933,"2-[(E)-2-Methoxyvinyl]aniline",149.084061,"C9H11NO","CO/C=C/c1ccccc1N","InChI=1S/C9H11NO/c1-11-7-6-8-4-2-3-5-9(8)10/h2-7H,10H2,1H3/b7-6+","DVULVORCYAGAIJ-VOTSOKGWSA-N"
32985915,"3-Ethyl-5-methyl-2-pyridinecarbaldehyde",149.084061,"C9H11NO","CCc1cc(cnc1C=O)C","InChI=1S/C9H11NO/c1-3-8-4-7(2)5-10-9(8)6-11/h4-6H,3H2,1-2H3","KRNQWFWNDRGVHH-UHFFFAOYSA-N"
32986214,"(E)-N-Hydroxy-2-(4-methylphenyl)ethenamine",149.084061,"C9H11NO","Cc1ccc(cc1)/C=C/NO","InChI=1S/C9H11NO/c1-8-2-4-9(5-3-8)6-7-10-11/h2-7,10-11H,1H3/b7-6+","YREUCMZHSNXFJN-VOTSOKGWSA-N"
32988736,"(2S)-2-Phenyl-1,3-oxazolidine",149.084061,"C9H11NO","c1ccc(cc1)[C@H]2NCCO2","InChI=1S/C9H11NO/c1-2-4-8(5-3-1)9-10-6-7-11-9/h1-5,9-10H,6-7H2/t9-/m0/s1","SZFHAHACWVROGM-VIFPVBQESA-N"
32988755,"(2S)-2-Anilinopropanal",149.084061,"C9H11NO","C[C@@H](C=O)Nc1ccccc1","InChI=1S/C9H11NO/c1-8(7-11)10-9-5-3-2-4-6-9/h2-8,10H,1H3/t8-/m0/s1","APDYQVXOYRBWNN-QMMMGPOBSA-N"
32989435,"6-[1-(Methylamino)ethylidene]-2,4-cyclohexadien-1-one",149.084061,"C9H11NO","C/C(=C/1\C=CC=CC1=O)/NC","InChI=1S/C9H11NO/c1-7(10-2)8-5-3-4-6-9(8)11/h3-6,10H,1-2H3/b8-7-","SZFIAHGQMIZDGA-FPLPWBNLSA-N"
32989662,"(1S,2R,6S,7R)-4-Azatricyclo[5.2.1.0~2,6~]dec-8-en-3-one",149.084061,"C9H11NO","C1[C@@H]2C=C[C@H]1[C@@H]3[C@H]2CNC3=O","InChI=1S/C9H11NO/c11-9-8-6-2-1-5(3-6)7(8)4-10-9/h1-2,5-8H,3-4H2,(H,10,11)/t5-,6+,7-,8+/m0/s1","MIXVSGBMFDKKEX-FKSUSPILSA-N"
32989828,"4-Methyl-1,4-dihydro-2H-3,1-benzoxazine",149.084061,"C9H11NO","CC1c2ccccc2NCO1","InChI=1S/C9H11NO/c1-7-8-4-2-3-5-9(8)10-6-11-7/h2-5,7,10H,6H2,1H3","OQJDVOWDDRLZBR-UHFFFAOYSA-N"
32989878,"N-(2-Propyn-1-yl)-1-cyclopentene-1-carboxamide",149.084061,"C9H11NO","C#CCNC(=O)C1=CCCC1","InChI=1S/C9H11NO/c1-2-7-10-9(11)8-5-3-4-6-8/h1,5H,3-4,6-7H2,(H,10,11)","DNLHTLCSJHWDOS-UHFFFAOYSA-N"
32989931,"4-Methyl-N-(2-propyn-1-yl)-2,3-pentadienamide",149.084061,"C9H11NO","CC(=C=CC(=O)NCC#C)C","InChI=1S/C9H11NO/c1-4-7-10-9(11)6-5-8(2)3/h1,6H,7H2,2-3H3,(H,10,11)","BGQYMORDBPYRCT-UHFFFAOYSA-N"
32989939,"(4aR,8aS)-4a,5,8,8a-Tetrahydro-1(2H)-isoquinolinone",149.084061,"C9H11NO","C1C=CC[C@H]2[C@H]1C=CNC2=O","InChI=1S/C9H11NO/c11-9-8-4-2-1-3-7(8)5-6-10-9/h1-2,5-8H,3-4H2,(H,10,11)/t7-,8+/m1/s1","AECUYVPEQZNBPZ-SFYZADRCSA-N"
32990098,"3-(Allylamino)phenol",149.084061,"C9H11NO","C=CCNc1cccc(c1)O","InChI=1S/C9H11NO/c1-2-6-10-8-4-3-5-9(11)7-8/h2-5,7,10-11H,1,6H2","FFKLEXODGPARDA-UHFFFAOYSA-N"
32990202,"5-Methyl-1,4,5,6-tetrahydro-7H-indol-7-one",149.084061,"C9H11NO","CC1Cc2cc[nH]c2C(=O)C1","InChI=1S/C9H11NO/c1-6-4-7-2-3-10-9(7)8(11)5-6/h2-3,6,10H,4-5H2,1H3","BYOTZKVEMOIEPX-UHFFFAOYSA-N"
32990405,"(2S)-2-(Phenoxymethyl)aziridine",149.084061,"C9H11NO","c1ccc(cc1)OC[C@@H]2CN2","InChI=1S/C9H11NO/c1-2-4-9(5-3-1)11-7-8-6-10-8/h1-5,8,10H,6-7H2/t8-/m0/s1","UURJBZYJQJVJGO-QMMMGPOBSA-N"
32991050,"7,7-Dimethyl-3-azabicyclo[4.2.0]octa-1(6),4-dien-2-one",149.084061,"C9H11NO","CC1(Cc2c1cc[nH]c2=O)C","InChI=1S/C9H11NO/c1-9(2)5-6-7(9)3-4-10-8(6)11/h3-4H,5H2,1-2H3,(H,10,11)","WVDWOYYHZCQXLY-UHFFFAOYSA-N"
32991051,"4,5,7,8-Tetrahydrocyclopenta[d]azepin-2(3H)-one",149.084061,"C9H11NO","C1CC2=CC(=O)NCCC2=C1","InChI=1S/C9H11NO/c11-9-6-8-3-1-2-7(8)4-5-10-9/h2,6H,1,3-5H2,(H,10,11)","VWLQRMHTFIMHNW-UHFFFAOYSA-N"
32991102,"4,5,7,8-Tetrahydrocyclohepta[b]pyrrol-6(1H)-one",149.084061,"C9H11NO","c1c[nH]c2c1CCC(=O)CC2","InChI=1S/C9H11NO/c11-8-2-1-7-5-6-10-9(7)4-3-8/h5-6,10H,1-4H2","RKTUVTQIOCDRDW-UHFFFAOYSA-N"
32991103,"3-(2,3-Butadien-1-ylamino)-2-cyclopenten-1-one",149.084061,"C9H11NO","C=C=CCNC1=CC(=O)CC1","InChI=1S/C9H11NO/c1-2-3-6-10-8-4-5-9(11)7-8/h3,7,10H,1,4-6H2","KBJWJBDXRVCBRA-UHFFFAOYSA-N"
32991370,"(1R,5R)-4-Ethenylidene-6-azabicyclo[3.2.1]octan-7-one",149.084061,"C9H11NO","C=C=C1CC[C@@H]2C[C@H]1NC2=O","InChI=1S/C9H11NO/c1-2-6-3-4-7-5-8(6)10-9(7)11/h7-8H,1,3-5H2,(H,10,11)/t7-,8-/m1/s1","IDVMWLDKEFWKNP-HTQZYQBOSA-N"
32991390,"(3-Phenyl-2-aziridinyl)methanol",149.084061,"C9H11NO","c1ccc(cc1)C2C(N2)CO","InChI=1S/C9H11NO/c11-6-8-9(10-8)7-4-2-1-3-5-7/h1-5,8-11H,6H2","NOBMNQSISVDOMO-UHFFFAOYSA-N"
32991568,"(6Z)-4-Methyl-6-[(methylamino)methylene]-2,4-cyclohexadien-1-one",149.084061,"C9H11NO","CC1=C/C(=C/NC)/C(=O)C=C1","InChI=1S/C9H11NO/c1-7-3-4-9(11)8(5-7)6-10-2/h3-6,10H,1-2H3/b8-6-","RVXGAWRRQZLHLC-VURMDHGXSA-N"
32992567,"(2E)-3-(3,4-Dimethyl-1H-pyrrol-2-yl)acrylaldehyde",149.084061,"C9H11NO","Cc1c[nH]c(c1C)/C=C/C=O","InChI=1S/C9H11NO/c1-7-6-10-9(8(7)2)4-3-5-11/h3-6,10H,1-2H3/b4-3+","MNGRGEYLIRVDQK-ONEGZZNKSA-N"
32993066,"(3aR)-3-Methyl-2,3,3a,6-tetrahydro-1H-isoindol-1-one",149.084061,"C9H11NO","CC1[C@@H]2C=CCC=C2C(=O)N1","InChI=1S/C9H11NO/c1-6-7-4-2-3-5-8(7)9(11)10-6/h2,4-7H,3H2,1H3,(H,10,11)/t6?,7-/m0/s1","SYTICEKGDIGJFE-MLWJPKLSSA-N"
32993067,"(3S,3aR)-3-Methyl-2,3,3a,6-tetrahydro-1H-isoindol-1-one",149.084061,"C9H11NO","C[C@H]1[C@@H]2C=CCC=C2C(=O)N1","InChI=1S/C9H11NO/c1-6-7-4-2-3-5-8(7)9(11)10-6/h2,4-7H,3H2,1H3,(H,10,11)/t6-,7-/m0/s1","SYTICEKGDIGJFE-BQBZGAKWSA-N"
32993068,"(3R,3aR)-3-Methyl-2,3,3a,6-tetrahydro-1H-isoindol-1-one",149.084061,"C9H11NO","C[C@@H]1[C@@H]2C=CCC=C2C(=O)N1","InChI=1S/C9H11NO/c1-6-7-4-2-3-5-8(7)9(11)10-6/h2,4-7H,3H2,1H3,(H,10,11)/t6-,7+/m1/s1","SYTICEKGDIGJFE-RQJHMYQMSA-N"
32994550,"2-Ethyl-2,3-dihydro-1,3-benzoxazole",149.084061,"C9H11NO","CCC1Nc2ccccc2O1","InChI=1S/C9H11NO/c1-2-9-10-7-5-3-4-6-8(7)11-9/h3-6,9-10H,2H2,1H3","RVNPAYFXAAFCFO-UHFFFAOYSA-N"
32995860,"N-[(3E)-3,5-Hexadien-2-yl]-2-propynamide",149.084061,"C9H11NO","CC(/C=C/C=C)NC(=O)C#C","InChI=1S/C9H11NO/c1-4-6-7-8(3)10-9(11)5-2/h2,4,6-8H,1H2,3H3,(H,10,11)/b7-6+","SQUNFFFZMDJXFR-VOTSOKGWSA-N"
33288745,"(1S)-1-Amino-5-indanol",149.084061,"C9H11NO","c1cc2c(cc1O)CC[C@@H]2N","InChI=1S/C9H11NO/c10-9-4-1-6-5-7(11)2-3-8(6)9/h2-3,5,9,11H,1,4,10H2/t9-/m0/s1","BYWKFVGAEAECSB-VIFPVBQESA-N"
33289794,"2-[(2S)-2-Aziridinyl]-5-methylphenol",149.084061,"C9H11NO","Cc1ccc(c(c1)O)[C@H]2CN2","InChI=1S/C9H11NO/c1-6-2-3-7(8-5-10-8)9(11)4-6/h2-4,8,10-11H,5H2,1H3/t8-/m1/s1","CBCZYTNQAUBAQR-MRVPVSSYSA-N"
33290015,"4-[(2S)-2-Aziridinyl]-3-methylphenol",149.084061,"C9H11NO","Cc1cc(ccc1[C@H]2CN2)O","InChI=1S/C9H11NO/c1-6-4-7(11)2-3-8(6)9-5-10-9/h2-4,9-11H,5H2,1H3/t9-/m1/s1","QLWQBOVHKUTNIB-SECBINFHSA-N"
33290097,"(2S)-2-(4-Methoxyphenyl)aziridine",149.084061,"C9H11NO","COc1ccc(cc1)[C@H]2CN2","InChI=1S/C9H11NO/c1-11-8-4-2-7(3-5-8)9-6-10-9/h2-5,9-10H,6H2,1H3/t9-/m1/s1","YGQXQPWKPJSNFU-SECBINFHSA-N"
33290196,"(2S)-2-(2-Methoxyphenyl)aziridine",149.084061,"C9H11NO","COc1ccccc1[C@H]2CN2","InChI=1S/C9H11NO/c1-11-9-5-3-2-4-7(9)8-6-10-8/h2-5,8,10H,6H2,1H3/t8-/m1/s1","NOCUWSPNXXFFIZ-MRVPVSSYSA-N"
33290216,"2-[(2S)-2-Aziridinyl]-6-methylphenol",149.084061,"C9H11NO","Cc1cccc(c1O)[C@H]2CN2","InChI=1S/C9H11NO/c1-6-3-2-4-7(9(6)11)8-5-10-8/h2-4,8,10-11H,5H2,1H3/t8-/m1/s1","BUQVONAKPHFNJH-MRVPVSSYSA-N"
34212086,"3-(5-Methyl-3-pyridinyl)propanal",149.084061,"C9H11NO","Cc1cc(cnc1)CCC=O","InChI=1S/C9H11NO/c1-8-5-9(3-2-4-11)7-10-6-8/h4-7H,2-3H2,1H3","WJVWPYHTISILNV-UHFFFAOYSA-N"
34212183,"3-(6-Methyl-3-pyridinyl)propanal",149.084061,"C9H11NO","Cc1ccc(cn1)CCC=O","InChI=1S/C9H11NO/c1-8-4-5-9(7-10-8)3-2-6-11/h4-7H,2-3H2,1H3","JDICODKFNILNFG-UHFFFAOYSA-N"
34500538,"(6S,7R)-7-Methyl-6,7-dihydro-5H-cyclopenta[c]pyridin-6-ol",149.084061,"C9H11NO","C[C@@H]1c2cnccc2C[C@@H]1O","InChI=1S/C9H11NO/c1-6-8-5-10-3-2-7(8)4-9(6)11/h2-3,5-6,9,11H,4H2,1H3/t6-,9+/m1/s1","IOIGOIPHPUCFOB-MUWHJKNJSA-N"
34999103,"Methyl 2-methylbenzenecarboximidate",149.084061,"C9H11NO","Cc1ccccc1C(=N)OC","InChI=1S/C9H11NO/c1-7-5-3-4-6-8(7)9(10)11-2/h3-6,10H,1-2H3","UNXPFYOTJFBEDF-UHFFFAOYSA-N"
35312823,"Methyl (4-methylphenyl)imidoformate",149.084061,"C9H11NO","Cc1ccc(cc1)N=COC","InChI=1S/C9H11NO/c1-8-3-5-9(6-4-8)10-7-11-2/h3-7H,1-2H3","JVFZTLGIXAFEDP-UHFFFAOYSA-N"
35468372,"4,5,6-Trimethylnicotinaldehyde",149.084061,"C9H11NO","Cc1c(c(cnc1C)C=O)C","InChI=1S/C9H11NO/c1-6-7(2)9(5-11)4-10-8(6)3/h4-5H,1-3H3","SXPNQTCETSANCR-UHFFFAOYSA-N"
35469545,"5-(Allyloxy)-2-methylpyridine",149.084061,"C9H11NO","Cc1ccc(cn1)OCC=C","InChI=1S/C9H11NO/c1-3-6-11-9-5-4-8(2)10-7-9/h3-5,7H,1,6H2,2H3","ZTAXWLLMOYCSKU-UHFFFAOYSA-N"
35481333,"2-Methoxy-3-methyl-5-vinylpyridine",149.084061,"C9H11NO","Cc1cc(cnc1OC)C=C","InChI=1S/C9H11NO/c1-4-8-5-7(2)9(11-3)10-6-8/h4-6H,1H2,2-3H3","WQFDMOCBHKIAJZ-UHFFFAOYSA-N"
35482096,"2-Methoxy-4-methyl-5-vinylpyridine",149.084061,"C9H11NO","Cc1cc(ncc1C=C)OC","InChI=1S/C9H11NO/c1-4-8-6-10-9(11-3)5-7(8)2/h4-6H,1H2,2-3H3","MKOVKUQQHFKTFP-UHFFFAOYSA-N"
35482878,"6-Methoxy-2-methyl-3-vinylpyridine",149.084061,"C9H11NO","Cc1c(ccc(n1)OC)C=C","InChI=1S/C9H11NO/c1-4-8-5-6-9(11-3)10-7(8)2/h4-6H,1H2,2-3H3","BYNHCCXFDPJYAD-UHFFFAOYSA-N"
35483708,"2-Ethoxy-5-vinylpyridine",149.084061,"C9H11NO","CCOc1ccc(cn1)C=C","InChI=1S/C9H11NO/c1-3-8-5-6-9(10-7-8)11-4-2/h3,5-7H,1,4H2,2H3","IIIGRIVRNHENQO-UHFFFAOYSA-N"
35485340,"1-[(2-Propyn-1-yloxy)methyl]cyclobutanecarbonitrile",149.084061,"C9H11NO","C#CCOCC1(CCC1)C#N","InChI=1S/C9H11NO/c1-2-6-11-8-9(7-10)4-3-5-9/h1H,3-6,8H2","CBNUCUKBYWHBHX-UHFFFAOYSA-N"
35764222,"(6E)-4-Methyl-6-[(methylamino)methylene]-2,4-cyclohexadien-1-one",149.084061,"C9H11NO","CC1=C/C(=C\NC)/C(=O)C=C1","InChI=1S/C9H11NO/c1-7-3-4-9(11)8(5-7)6-10-2/h3-6,10H,1-2H3/b8-6+","RVXGAWRRQZLHLC-SOFGYWHQSA-N"
35765269,"(2-Nitroso-2-propanyl)benzene",149.084061,"C9H11NO","CC(C)(c1ccccc1)N=O","InChI=1S/C9H11NO/c1-9(2,10-11)8-6-4-3-5-7-8/h3-7H,1-2H3","LOXVJVLBNCBQDF-UHFFFAOYSA-N"
35768761,"(6E)-6-(1-Aminoethylidene)-2-methyl-2,4-cyclohexadien-1-one",149.084061,"C9H11NO","CC1=CC=C/C(=C(/C)\N)/C1=O","InChI=1S/C9H11NO/c1-6-4-3-5-8(7(2)10)9(6)11/h3-5H,10H2,1-2H3/b8-7+","QLBTVABYXLBPMP-BQYQJAHWSA-N"
35784660,"Methyl 3-methylbenzenecarboximidate",149.084061,"C9H11NO","Cc1cccc(c1)C(=N)OC","InChI=1S/C9H11NO/c1-7-4-3-5-8(6-7)9(10)11-2/h3-6,10H,1-2H3","PRCCMNGXNDKPRC-UHFFFAOYSA-N"
450900,"Acetonitrile - anisole (1:1)",149.084061,"C9H11NO","CC#N.COc1ccccc1","InChI=1S/C7H8O.C2H3N/c1-8-7-5-3-2-4-6-7;1-2-3/h2-6H,1H3;1H3","WQTFAXOZFVTSLZ-UHFFFAOYSA-N"
9311725,"4-Methyl-2-[(E)-(methylimino)methyl]-2,4-cyclohexadien-1-one",149.084061,"C9H11NO","O=C1C(/C=N/C)=C\C(=C/C1)C","InChI=1S/C9H11NO/c1-7-3-4-9(11)8(5-7)6-10-2/h3,5-6H,4H2,1-2H3/b10-6+","ZQCKFZCKXWQTIK-UXBLZVDNSA-N"
9643058,"(3Z)-3-(Dihydro-2(3H)-furanylidene)-2-methyl-3H-pyrrole",149.084061,"C9H11NO","N=1\C=C/C(/C=1C)=C2/OCCC2","InChI=1S/C9H11NO/c1-7-8(4-5-10-7)9-3-2-6-11-9/h4-5H,2-3,6H2,1H3/b9-8-","OBGBTYAHMLZTMJ-HJWRWDBZSA-N"
9680427,"(1R,4S,5S)-5-Cyano-1,4-dimethyl-7-oxabicyclo[2.2.1]heptane-2,3-diyl",149.084061,"C9H11NO","C[C@@]21/C=C\[C@](C)(C[C@H]1C#N)O2","InChI=1S/C9H11NO/c1-8-3-4-9(2,11-8)7(5-8)6-10/h3-4,7H,5H2,1-2H3/t7-,8+,9-/m0/s1","MIWMPQMHVZOSLJ-YIZRAAEISA-N"
10007736,"4-Methoxy-1-methyl-2,4-cyclohexadiene-1-carbonitrile",149.084061,"C9H11NO","CC1(CC=C(C=C1)OC)C#N","InChI=1S/C9H11NO/c1-9(7-10)5-3-8(11-2)4-6-9/h3-5H,6H2,1-2H3","VQBYRABNBIPGAG-UHFFFAOYSA-N"
10347696,"[(2S,3S)-3-Phenyl-2-aziridinyl]methanol",149.084061,"C9H11NO","OC[C@H]2N[C@H]2c1ccccc1","InChI=1S/C9H11NO/c11-6-8-9(10-8)7-4-2-1-3-5-7/h1-5,8-11H,6H2/t8-,9+/m1/s1","NOBMNQSISVDOMO-BDAKNGLRSA-N"
10368765,"4,4-Dimethyl-2-oxo-5-heptynenitrile",149.084061,"C9H11NO","CC#CC(C)(C)CC(=O)C#N","InChI=1S/C9H11NO/c1-4-5-9(2,3)6-8(11)7-10/h6H2,1-3H3","MNBJQHKDMADCEY-UHFFFAOYSA-N"
10383798,"O-Ethylbenzaldoxime",149.084061,"C9H11NO","CCO/N=C\c1ccccc1","InChI=1S/C9H11NO/c1-2-11-10-8-9-6-4-3-5-7-9/h3-8H,2H2,1H3/b10-8-","YDDVBEKWFTVFQP-NTMALXAHSA-N"
10519500,"3-Methyl-1,4,5,6-tetrahydro-2H-indol-2-one",149.084061,"C9H11NO","C\C1=C2/CCC\C=C2\NC1=O","InChI=1S/C9H11NO/c1-6-7-4-2-3-5-8(7)10-9(6)11/h5H,2-4H2,1H3,(H,10,11)","YLRNTTBBELOSFZ-UHFFFAOYSA-N"
10565785,"1,3,4,5-Tetrahydro-2,3-benzoxazepine",149.084061,"C9H11NO","c1cc2CCNOCc2cc1","InChI=1S/C9H11NO/c1-2-4-9-7-11-10-6-5-8(9)3-1/h1-4,10H,5-7H2","VDSRGNHSXSLUHE-UHFFFAOYSA-N"
10565797,"1,2,4,5-Tetrahydro-3,2-benzoxazepine",149.084061,"C9H11NO","c1cc2CNOCCc2cc1","InChI=1S/C9H11NO/c1-2-4-9-7-10-11-6-5-8(9)3-1/h1-4,10H,5-7H2","JSWFONBGIQJDMD-UHFFFAOYSA-N"
10566141,"1-Methyl-1,4,6,7-tetrahydro-5H-indol-5-one",149.084061,"C9H11NO","O=C1Cc2ccn(C)c2CC1","InChI=1S/C9H11NO/c1-10-5-4-7-6-8(11)2-3-9(7)10/h4-5H,2-3,6H2,1H3","KMUDSLDTARILBP-UHFFFAOYSA-N"
10635558,"2,3,4,5-Tetrahydro-1,2-benzoxazepine",149.084061,"C9H11NO","c1cc2ONCCCc2cc1","InChI=1S/C9H11NO/c1-2-6-9-8(4-1)5-3-7-10-11-9/h1-2,4,6,10H,3,5,7H2","UDMSIVPAVKUOKF-UHFFFAOYSA-N"
13543763,"3-Allyl-4-aminophenol",149.084061,"C9H11NO","C=CCc1cc(ccc1N)O","InChI=1S/C9H11NO/c1-2-3-7-6-8(11)4-5-9(7)10/h2,4-6,11H,1,3,10H2","CIKUOYYGYYHAKV-UHFFFAOYSA-N"
13557629,"1-(2,5-Dimethyl-3-pyridinyl)ethanone",149.084061,"C9H11NO","Cc1cc(c(nc1)C)C(=O)C","InChI=1S/C9H11NO/c1-6-4-9(8(3)11)7(2)10-5-6/h4-5H,1-3H3","PBBXMEACWXXOIZ-UHFFFAOYSA-N"
14097653,"3,4,4a,8a-Tetrahydro-1(2H)-isoquinolinone",149.084061,"C9H11NO","O=C2NCCC1/C=C\C=C/C12","InChI=1S/C9H11NO/c11-9-8-4-2-1-3-7(8)5-6-10-9/h1-4,7-8H,5-6H2,(H,10,11)","LKFYWEGWCBDTTB-UHFFFAOYSA-N"
14342768,"(2E)-N-Hydroxy-3-phenyl-2-propen-1-amine",149.084061,"C9H11NO","c1ccc(cc1)/C=C/CNO","InChI=1S/C9H11NO/c11-10-8-4-7-9-5-2-1-3-6-9/h1-7,10-11H,8H2/b7-4+","XTXXLGCMYLVCSW-QPJJXVBHSA-N"
15150659,"Methanol - 1H-indole (1:1)",149.084061,"C9H11NO","CO.c1ccc2c(c1)cc[nH]2","InChI=1S/C8H7N.CH4O/c1-2-4-8-7(3-1)5-6-9-8;1-2/h1-6,9H;2H,1H3","VJBAGQQJVTVKKP-UHFFFAOYSA-N"
15599041,"1-Methoxyisoindoline",149.084061,"C9H11NO","COC1c2ccccc2CN1","InChI=1S/C9H11NO/c1-11-9-8-5-3-2-4-7(8)6-10-9/h2-5,9-10H,6H2,1H3","RMCVDTXCEAJNTG-UHFFFAOYSA-N"
16787612,"6-Methyl-1,4-dihydro-2H-3,1-benzoxazine",149.084061,"C9H11NO","Cc1ccc2c(c1)COCN2","InChI=1S/C9H11NO/c1-7-2-3-9-8(4-7)5-11-6-10-9/h2-4,10H,5-6H2,1H3","JUKGMPDKTCOOBP-UHFFFAOYSA-N"
19146388,"(1E)-N-(4-Methoxyphenyl)ethanimine",149.084061,"C9H11NO","C/C=N/c1ccc(cc1)OC","InChI=1S/C9H11NO/c1-3-10-8-4-6-9(11-2)7-5-8/h3-7H,1-2H3/b10-3+","BHLNNPFLVFGJKB-XCVCLJGOSA-N"
19567568,"(3E)-4-(1-Methyl-1H-pyrrol-2-yl)-3-buten-2-one",149.084061,"C9H11NO","CC(=O)/C=C/c1cccn1C","InChI=1S/C9H11NO/c1-8(11)5-6-9-4-3-7-10(9)2/h3-7H,1-2H3/b6-5+","PUJATMYWGPUBQG-AATRIKPKSA-N"
19682473,"(Methylamino)(phenyl)acetaldehyde",149.084061,"C9H11NO","CNC(C=O)c1ccccc1","InChI=1S/C9H11NO/c1-10-9(7-11)8-5-3-2-4-6-8/h2-7,9-10H,1H3","FAYZLULUYXMHET-UHFFFAOYSA-N"
21407803,"2-Methoxy-2-phenylaziridine",149.084061,"C9H11NO","COC1(CN1)c2ccccc2","InChI=1S/C9H11NO/c1-11-9(7-10-9)8-5-3-2-4-6-8/h2-6,10H,7H2,1H3","PBYCIBJCPIEZCH-UHFFFAOYSA-N"
21408660,"2-Methyl-3-(3-pyridinyl)propanal",149.084061,"C9H11NO","CC(Cc1cccnc1)C=O","InChI=1S/C9H11NO/c1-8(7-11)5-9-3-2-4-10-6-9/h2-4,6-8H,5H2,1H3","PRCKHHOQUSJRJJ-UHFFFAOYSA-N"
21409465,"1-(3-Buten-2-yl)-2(1H)-pyridinone",149.084061,"C9H11NO","CC(C=C)n1ccccc1=O","InChI=1S/C9H11NO/c1-3-8(2)10-7-5-4-6-9(10)11/h3-8H,1H2,2H3","RKKPXENDGGJRBX-UHFFFAOYSA-N"
23120232,"(E)-1-(Bicyclo[2.2.2]octa-2,5-dien-2-yl)-N-hydroxymethanimine",149.084061,"C9H11NO","C1CC2C=CC1C=C2/C=N/O","InChI=1S/C9H11NO/c11-10-6-9-5-7-1-3-8(9)4-2-7/h1,3,5-8,11H,2,4H2/b10-6+","CXWQOWJEKGODJQ-UXBLZVDNSA-N"
23501134,"n-(4-methoxybenzylidene)methanamine",149.084061,"C9H11NO","CN=Cc1ccc(cc1)OC","InChI=1S/C9H11NO/c1-10-7-8-3-5-9(11-2)6-4-8/h3-7H,1-2H3","LWWBBDFBZJCKHQ-UHFFFAOYSA-N"
24181197,"(Z)-1-(2,5-Dimethylphenyl)-N-hydroxymethanimine",149.084061,"C9H11NO","Cc1ccc(c(c1)/C=N\O)C","InChI=1S/C9H11NO/c1-7-3-4-8(2)9(5-7)6-10-11/h3-6,11H,1-2H3/b10-6-","CYXCYDJPJFMZOD-POHAHGRESA-N"
24181198,"(Z)-1-(3,4-Dimethylphenyl)-N-hydroxymethanimine",149.084061,"C9H11NO","Cc1ccc(cc1C)/C=N\O","InChI=1S/C9H11NO/c1-7-3-4-9(6-10-11)5-8(7)2/h3-6,11H,1-2H3/b10-6-","FMMYWZFQQDNXGQ-POHAHGRESA-N"
24184736,"(3Z)-4-(3-Pyridinyl)-3-buten-1-ol",149.084061,"C9H11NO","c1cc(cnc1)/C=C\CCO","InChI=1S/C9H11NO/c11-7-2-1-4-9-5-3-6-10-8-9/h1,3-6,8,11H,2,7H2/b4-1-","QEHQTZMHYFUKIB-RJRFIUFISA-N"
24184737,"(3Z)-4-(4-Pyridinyl)-3-buten-1-ol",149.084061,"C9H11NO","c1cnccc1/C=C\CCO","InChI=1S/C9H11NO/c11-8-2-1-3-9-4-6-10-7-5-9/h1,3-7,11H,2,8H2/b3-1-","NLLNCFTVYFRQSZ-IWQZZHSRSA-N"
24184817,"(3Z)-4-(4-Pyridinyl)-3-buten-2-ol",149.084061,"C9H11NO","CC(/C=C\c1ccncc1)O","InChI=1S/C9H11NO/c1-8(11)2-3-9-4-6-10-7-5-9/h2-8,11H,1H3/b3-2-","PTUMRDMEAMXLMC-IHWYPQMZSA-N"
24184876,"(3Z)-4-(2-Pyridinyl)-3-buten-2-ol",149.084061,"C9H11NO","CC(/C=C\c1ccccn1)O","InChI=1S/C9H11NO/c1-8(11)5-6-9-4-2-3-7-10-9/h2-8,11H,1H3/b6-5-","ZNQLIHBCMOTDLX-WAYWQWQTSA-N"
24184989,"(2Z)-3-(3-Pyridinyl)-2-buten-1-ol",149.084061,"C9H11NO","C/C(=C/CO)/c1cccnc1","InChI=1S/C9H11NO/c1-8(4-6-11)9-3-2-5-10-7-9/h2-5,7,11H,6H2,1H3/b8-4-","GWZVCBAVEVIIAK-YWEYNIOJSA-N"
24213642,"(1-Methyl-1,6a-dihydrocyclopenta[b]pyrrol-6-yl)methanol",149.084061,"C9H11NO","CN1C=CC2=CC=C(C21)CO","InChI=1S/C9H11NO/c1-10-5-4-7-2-3-8(6-11)9(7)10/h2-5,9,11H,6H2,1H3","UKFODNFGKOCHSH-UHFFFAOYSA-N"
24213643,"(1-Methyl-1,6a-dihydrocyclopenta[b]pyrrol-2-yl)methanol",149.084061,"C9H11NO","CN1C2C=CC=C2C=C1CO","InChI=1S/C9H11NO/c1-10-8(6-11)5-7-3-2-4-9(7)10/h2-5,9,11H,6H2,1H3","NDXWVNXFSGXPLM-UHFFFAOYSA-N"
24221501,"2-Methyl-1-oxaspiro[2.5]oct-4-ene-2-carbonitrile",149.084061,"C9H11NO","CC1(C2(O1)CCCC=C2)C#N","InChI=1S/C9H11NO/c1-8(7-10)9(11-8)5-3-2-4-6-9/h3,5H,2,4,6H2,1H3","PEXANCNQHSZJNV-UHFFFAOYSA-N"
24296200,"1-(2-Furyl)-5-azaspiro[2.3]hexane",149.084061,"C9H11NO","c1cc(oc1)C2CC23CNC3","InChI=1S/C9H11NO/c1-2-8(11-3-1)7-4-9(7)5-10-6-9/h1-3,7,10H,4-6H2","PTOBYTIUTHZDMG-UHFFFAOYSA-N"
24770388,"3-Methoxyindoline",149.084061,"C9H11NO","COC1CNc2c1cccc2","InChI=1S/C9H11NO/c1-11-9-6-10-8-5-3-2-4-7(8)9/h2-5,9-10H,6H2,1H3","JOEQMTFMDDZMGX-UHFFFAOYSA-N"
24770487,"N-acryloyl-2,5-dimethylpyrrole",149.084061,"C9H11NO","Cc1ccc(n1C(=O)C=C)C","InChI=1S/C9H11NO/c1-4-9(11)10-7(2)5-6-8(10)3/h4-6H,1H2,2-3H3","QFNRQNGKOZJNFR-UHFFFAOYSA-N"
25070524,"5-Methoxybicyclo[4.2.0]octa-1,3,5-trien-7-amine",149.084061,"C9H11NO","COc1cccc2c1C(C2)N","InChI=1S/C9H11NO/c1-11-8-4-2-3-6-5-7(10)9(6)8/h2-4,7H,5,10H2,1H3","MMPKPMDYZLGXRV-UHFFFAOYSA-N"
25942286,"tetrahydro-isoquinolone",149.084061,"C9H11NO","C1CNC(=O)C2=CC=CCC21","InChI=1S/C9H11NO/c11-9-8-4-2-1-3-7(8)5-6-10-9/h1-2,4,7H,3,5-6H2,(H,10,11)","NTNKZGHUNBWBBV-UHFFFAOYSA-N"
25949192,"1,6,7,8a-Tetrahydro-8(5H)-quinolinone",149.084061,"C9H11NO","C1CC2=CC=CNC2C(=O)C1","InChI=1S/C9H11NO/c11-8-5-1-3-7-4-2-6-10-9(7)8/h2,4,6,9-10H,1,3,5H2","VHZXQHAAWMSKLJ-UHFFFAOYSA-N"
26234558,"[(1S,2S)-2-(3-Pyridinyl)cyclopropyl]methanol",149.084061,"C9H11NO","c1cc(cnc1)[C@H]2C[C@@H]2CO","InChI=1S/C9H11NO/c11-6-8-4-9(8)7-2-1-3-10-5-7/h1-3,5,8-9,11H,4,6H2/t8-,9-/m1/s1","QWHJXGUAMZXBPC-RKDXNWHRSA-N"
26326664,"(2R)-2-Amino-3-phenylpropanal",149.084061,"C9H11NO","c1ccc(cc1)C[C@H](C=O)N","InChI=1S/C9H11NO/c10-9(7-11)6-8-4-2-1-3-5-8/h1-5,7,9H,6,10H2/t9-/m1/s1","CQIUZHAQYHXKRY-SECBINFHSA-N"
26328070,"(2S)-(Methylamino)(phenyl)acetaldehyde",149.084061,"C9H11NO","CN[C@H](C=O)c1ccccc1","InChI=1S/C9H11NO/c1-10-9(7-11)8-5-3-2-4-6-8/h2-7,9-10H,1H3/t9-/m1/s1","FAYZLULUYXMHET-SECBINFHSA-N"
26516918,"4-Acetyl-1-cyclohexene-1-carbonitrile",149.084061,"C9H11NO","CC(=O)C1CCC(=CC1)C#N","InChI=1S/C9H11NO/c1-7(11)9-4-2-8(6-10)3-5-9/h2,9H,3-5H2,1H3","DOWIVQDPEJPPBF-UHFFFAOYSA-N"
26560839,"4-[(2S)-2-Azetidinyl]phenol",149.084061,"C9H11NO","c1cc(ccc1[C@@H]2CCN2)O","InChI=1S/C9H11NO/c11-8-3-1-7(2-4-8)9-5-6-10-9/h1-4,9-11H,5-6H2/t9-/m0/s1","USHJTUPPOMIZRF-VIFPVBQESA-N"
26560852,"4-[(1R)-1-Amino-2-propen-1-yl]phenol",149.084061,"C9H11NO","C=C[C@H](c1ccc(cc1)O)N","InChI=1S/C9H11NO/c1-2-9(10)7-3-5-8(11)6-4-7/h2-6,9,11H,1,10H2/t9-/m1/s1","YVLLLFDQHSKYMV-SECBINFHSA-N"
26600518,"(1Z,2S)-N-Hydroxy-2-phenyl-1-propanimine",149.084061,"C9H11NO","C[C@H](/C=N\O)c1ccccc1","InChI=1S/C9H11NO/c1-8(7-10-11)9-5-3-2-4-6-9/h2-8,11H,1H3/b10-7-/t8-/m1/s1","SETWHVMVMWYJQA-FBHKUJJOSA-N"
26945313,"2,3-Dihydro-1H-indol-1-ylmethanol",149.084061,"C9H11NO","c1ccc2c(c1)CCN2CO","InChI=1S/C9H11NO/c11-7-10-6-5-8-3-1-2-4-9(8)10/h1-4,11H,5-7H2","WQSMKAAZAPKXKW-UHFFFAOYSA-N"
27351894,"1-Allyl-6-methyl-2(1H)-pyridinone",149.084061,"C9H11NO","Cc1cccc(=O)n1CC=C","InChI=1S/C9H11NO/c1-3-7-10-8(2)5-4-6-9(10)11/h3-6H,1,7H2,2H3","VFBAABQYXCXNIS-UHFFFAOYSA-N"
27354591,"1-Allyl-5-methyl-2(1H)-pyridinone",149.084061,"C9H11NO","Cc1ccc(=O)n(c1)CC=C","InChI=1S/C9H11NO/c1-3-6-10-7-8(2)4-5-9(10)11/h3-5,7H,1,6H2,2H3","JKUJUEQANIAZOW-UHFFFAOYSA-N"
28190158,"5,6,7,8-Tetrahydro-6-quinolinol",149.084061,"C9H11NO","c1cc2c(nc1)CCC(C2)O","InChI=1S/C9H11NO/c11-8-3-4-9-7(6-8)2-1-5-10-9/h1-2,5,8,11H,3-4,6H2","KTPOFKNCVCOJIP-UHFFFAOYSA-N"
28190729,"2-Methoxy-6,7-dihydro-5H-cyclopenta[b]pyridine",149.084061,"C9H11NO","COc1ccc2c(n1)CCC2","InChI=1S/C9H11NO/c1-11-9-6-5-7-3-2-4-8(7)10-9/h5-6H,2-4H2,1H3","HCEABFRBVJOSJB-UHFFFAOYSA-N"
28409444,"(1E,2S)-N-Hydroxy-2-phenyl-1-propanimine",149.084061,"C9H11NO","C[C@H](/C=N/O)c1ccccc1","InChI=1S/C9H11NO/c1-8(7-10-11)9-5-3-2-4-6-9/h2-8,11H,1H3/b10-7+/t8-/m1/s1","SETWHVMVMWYJQA-RYGSOJJJSA-N"
28538827,"2-(3-Azetidinyl)phenol",149.084061,"C9H11NO","c1ccc(c(c1)C2CNC2)O","InChI=1S/C9H11NO/c11-9-4-2-1-3-8(9)7-5-10-6-7/h1-4,7,10-11H,5-6H2","QCOJOUNUUNOSMH-UHFFFAOYSA-N"
28584684,"1-Methylindoline 1-oxide",149.084061,"C9H11NO","C[N+]1(CCc2c1cccc2)[O-]","InChI=1S/C9H11NO/c1-10(11)7-6-8-4-2-3-5-9(8)10/h2-5H,6-7H2,1H3","CASLEMFDQIALAG-UHFFFAOYSA-N"
28586544,"Phenyl propanimidate",149.084061,"C9H11NO","CCC(=N)Oc1ccccc1","InChI=1S/C9H11NO/c1-2-9(10)11-8-6-4-3-5-7-8/h3-7,10H,2H2,1H3","UTSWITYISINENJ-UHFFFAOYSA-N"
28945393,"1-(4,5-Dihydro-2-furanylmethyl)-1H-pyrrole",149.084061,"C9H11NO","c1ccn(c1)CC2=CCCO2","InChI=1S/C9H11NO/c1-2-6-10(5-1)8-9-4-3-7-11-9/h1-2,4-6H,3,7-8H2","PKZNAYIRTBBQIB-UHFFFAOYSA-N"
29777467,"(2E)-1-(3-Pyridinyl)-2-buten-1-ol",149.084061,"C9H11NO","C/C=C/C(c1cccnc1)O","InChI=1S/C9H11NO/c1-2-4-9(11)8-5-3-6-10-7-8/h2-7,9,11H,1H3/b4-2+","HSDNMCZEEUGYMT-DUXPYHPUSA-N"
29777515,"5-[(E)-2-Methoxyvinyl]-2-methylpyridine",149.084061,"C9H11NO","Cc1ccc(cn1)/C=C/OC","InChI=1S/C9H11NO/c1-8-3-4-9(7-10-8)5-6-11-2/h3-7H,1-2H3/b6-5+","YLWVNRLTVNZASE-AATRIKPKSA-N"
29777541,"(1S)-1-(2-Pyridinyl)-3-buten-1-ol",149.084061,"C9H11NO","C=CC[C@@H](c1ccccn1)O","InChI=1S/C9H11NO/c1-2-5-9(11)8-6-3-4-7-10-8/h2-4,6-7,9,11H,1,5H2/t9-/m0/s1","CITJKEXGKDUPEL-VIFPVBQESA-N"
29777543,"(1S)-1-(4-Pyridinyl)-3-buten-1-ol",149.084061,"C9H11NO","C=CC[C@@H](c1ccncc1)O","InChI=1S/C9H11NO/c1-2-3-9(11)8-4-6-10-7-5-8/h2,4-7,9,11H,1,3H2/t9-/m0/s1","WEPJYMIOJMZLBS-VIFPVBQESA-N"
29777700,"2-(5-Methyl-2-pyridinyl)-2-propen-1-ol",149.084061,"C9H11NO","Cc1ccc(nc1)C(=C)CO","InChI=1S/C9H11NO/c1-7-3-4-9(10-5-7)8(2)6-11/h3-5,11H,2,6H2,1H3","JFOXAYAXRBMHFE-UHFFFAOYSA-N"
29778062,"1-[(2E)-2-Buten-1-yl]-1H-pyrrole-2-carbaldehyde",149.084061,"C9H11NO","C/C=C/Cn1cccc1C=O","InChI=1S/C9H11NO/c1-2-3-6-10-7-4-5-9(10)8-11/h2-5,7-8H,6H2,1H3/b3-2+","RKCFLNOCOJOLCN-NSCUHMNNSA-N"
29778513,"1-(2-Ethyl-3-pyridinyl)ethanone",149.084061,"C9H11NO","CCc1c(cccn1)C(=O)C","InChI=1S/C9H11NO/c1-3-9-8(7(2)11)5-4-6-10-9/h4-6H,3H2,1-2H3","WLMSNMGGIQCGKW-UHFFFAOYSA-N"
29778536,"trans-4-Ethynyl-4-hydroxycyclohexanecarbonitrile",149.084061,"C9H11NO","C#C[C@]1(CC[C@H](CC1)C#N)O","InChI=1S/C9H11NO/c1-2-9(11)5-3-8(7-10)4-6-9/h1,8,11H,3-6H2/t8-,9-","OULYCWSASBCALP-KYZUINATSA-N"
29778537,"cis-4-Ethynyl-4-hydroxycyclohexanecarbonitrile",149.084061,"C9H11NO","C#C[C@]1(CC[C@@H](CC1)C#N)O","InChI=1S/C9H11NO/c1-2-9(11)5-3-8(7-10)4-6-9/h1,8,11H,3-6H2/t8-,9+","OULYCWSASBCALP-DTORHVGOSA-N"
29778679,"(5R,7S)-7-Methyl-6,7-dihydro-5H-cyclopenta[c]pyridin-5-ol",149.084061,"C9H11NO","C[C@H]1C[C@H](c2c1cncc2)O","InChI=1S/C9H11NO/c1-6-4-9(11)7-2-3-10-5-8(6)7/h2-3,5-6,9,11H,4H2,1H3/t6-,9+/m0/s1","PAULFLQQVQANMT-IMTBSYHQSA-N"
29778966,"[(1R,2R)-2-(3-Pyridinyl)cyclopropyl]methanol",149.084061,"C9H11NO","c1cc(cnc1)[C@@H]2C[C@H]2CO","InChI=1S/C9H11NO/c11-6-8-4-9(8)7-2-1-3-10-5-7/h1-3,5,8-9,11H,4,6H2/t8-,9-/m0/s1","QWHJXGUAMZXBPC-IUCAKERBSA-N"
29778968,"[(1R,2R)-2-(4-Pyridinyl)cyclopropyl]methanol",149.084061,"C9H11NO","c1cnccc1[C@@H]2C[C@H]2CO","InChI=1S/C9H11NO/c11-6-8-5-9(8)7-1-3-10-4-2-7/h1-4,8-9,11H,5-6H2/t8-,9-/m0/s1","JSHANWPMBNTEPI-IUCAKERBSA-N"
29786529,"[(1S,2S)-2-(4-Pyridinyl)cyclopropyl]methanol",149.084061,"C9H11NO","c1cnccc1[C@H]2C[C@@H]2CO","InChI=1S/C9H11NO/c11-6-8-5-9(8)7-1-3-10-4-2-7/h1-4,8-9,11H,5-6H2/t8-,9-/m1/s1","JSHANWPMBNTEPI-RKDXNWHRSA-N"
29848361,"1-(3-Methoxyphenyl)-N-methylmethanimine",149.084061,"C9H11NO","CN=Cc1cccc(c1)OC","InChI=1S/C9H11NO/c1-10-7-8-4-3-5-9(6-8)11-2/h3-7H,1-2H3","GMYWIOGIHDHYMK-UHFFFAOYSA-N"
30687085,"1-[2-(2-Furyl)vinyl]cyclopropanamine",149.084061,"C9H11NO","c1cc(oc1)C=CC2(CC2)N","InChI=1S/C9H11NO/c10-9(5-6-9)4-3-8-2-1-7-11-8/h1-4,7H,5-6,10H2","AUFPPYGOBCNIPF-UHFFFAOYSA-N"
30773711,"3,6,7,9a-Tetrahydro-4H-quinolizin-4-one",149.084061,"C9H11NO","C1CN2C(C=C1)C=CCC2=O","InChI=1S/C9H11NO/c11-9-6-3-5-8-4-1-2-7-10(8)9/h1,3-5,8H,2,6-7H2","KEAQOQCCCFSITB-UHFFFAOYSA-N"
30777404,"(3Z)-3-(2-Furylmethylene)pyrrolidine",149.084061,"C9H11NO","c1cc(oc1)/C=C\2/CCNC2","InChI=1S/C9H11NO/c1-2-9(11-5-1)6-8-3-4-10-7-8/h1-2,5-6,10H,3-4,7H2/b8-6-","PNXWYJGINUMYJQ-VURMDHGXSA-N"
30784380,"3-Cyclopropyl-2-methoxypyridine",149.084061,"C9H11NO","COc1c(cccn1)C2CC2","InChI=1S/C9H11NO/c1-11-9-8(7-4-5-7)3-2-6-10-9/h2-3,6-7H,4-5H2,1H3","CHSKZCNWABUOPP-UHFFFAOYSA-N"
30784461,"3-Cyclopropyl-5-methoxypyridine",149.084061,"C9H11NO","COc1cc(cnc1)C2CC2","InChI=1S/C9H11NO/c1-11-9-4-8(5-10-6-9)7-2-3-7/h4-7H,2-3H2,1H3","ZZBUIUOPYHEXLQ-UHFFFAOYSA-N"
30794818,"4-(4-Methyl-2-furyl)butanenitrile",149.084061,"C9H11NO","Cc1cc(oc1)CCCC#N","InChI=1S/C9H11NO/c1-8-6-9(11-7-8)4-2-3-5-10/h6-7H,2-4H2,1H3","YAMZBWKOAPCVST-UHFFFAOYSA-N"
30801057,"3-(4-Pyridinyl)butanal",149.084061,"C9H11NO","CC(CC=O)c1ccncc1","InChI=1S/C9H11NO/c1-8(4-7-11)9-2-5-10-6-3-9/h2-3,5-8H,4H2,1H3","JCWKBCMRPATGFU-UHFFFAOYSA-N"
30852380,"3-Cyclobutyl-2(1H)-pyridinone",149.084061,"C9H11NO","c1cc(c(nc1)O)C2CCC2","InChI=1S/C9H11NO/c11-9-8(5-2-6-10-9)7-3-1-4-7/h2,5-7H,1,3-4H2,(H,10,11)","UGBQNMVVFAKBMG-UHFFFAOYSA-N"
30853622,"4-(Tetrahydro-3-furanyl)pyridine",149.084061,"C9H11NO","c1cnccc1C2CCOC2","InChI=1S/C9H11NO/c1-4-10-5-2-8(1)9-3-6-11-7-9/h1-2,4-5,9H,3,6-7H2","AQAPMEAVRRAYJT-UHFFFAOYSA-N"
30853623,"3-(Tetrahydro-3-furanyl)pyridine",149.084061,"C9H11NO","c1cc(cnc1)C2CCOC2","InChI=1S/C9H11NO/c1-2-8(6-10-4-1)9-3-5-11-7-9/h1-2,4,6,9H,3,5,7H2","ZRGMOTBJNBBGNN-UHFFFAOYSA-N"
30853624,"2-(Tetrahydro-3-furanyl)pyridine",149.084061,"C9H11NO","c1ccnc(c1)C2CCOC2","InChI=1S/C9H11NO/c1-2-5-10-9(3-1)8-4-6-11-7-8/h1-3,5,8H,4,6-7H2","TTWZUJSDNKYCLA-UHFFFAOYSA-N"
30905937,"4-Formyl-4-vinyl-5-hexenenitrile",149.084061,"C9H11NO","C=CC(CCC#N)(C=C)C=O","InChI=1S/C9H11NO/c1-3-9(4-2,8-11)6-5-7-10/h3-4,8H,1-2,5-6H2","HKTHNZKDLQKUNM-UHFFFAOYSA-N"
30915936,"2-Methyl-6,7-dihydro-5H-cyclopenta[b]pyridin-7-ol",149.084061,"C9H11NO","Cc1ccc2c(n1)C(CC2)O","InChI=1S/C9H11NO/c1-6-2-3-7-4-5-8(11)9(7)10-6/h2-3,8,11H,4-5H2,1H3","LDHCMFSRAIDXRB-UHFFFAOYSA-N"
30915986,"6,7-Dihydro-5H-cyclopenta[b]pyridin-3-ylmethanol",149.084061,"C9H11NO","c1c(cnc2c1CCC2)CO","InChI=1S/C9H11NO/c11-6-7-4-8-2-1-3-9(8)10-5-7/h4-5,11H,1-3,6H2","DNAIVORCXRSOIG-UHFFFAOYSA-N"
31044403,"1-(2,4-Cyclohexadien-1-yl)-3-azetidinone",149.084061,"C9H11NO","C1C=CC=CC1N2CC(=O)C2","InChI=1S/C9H11NO/c11-9-6-10(7-9)8-4-2-1-3-5-8/h1-4,8H,5-7H2","JDTCYHZCJKSGLW-UHFFFAOYSA-N"
31045151,"1-Amino-2-phenyl-2-propen-1-ol",149.084061,"C9H11NO","C=C(c1ccccc1)C(N)O","InChI=1S/C9H11NO/c1-7(9(10)11)8-5-3-2-4-6-8/h2-6,9,11H,1,10H2","GXVJVDPIQLKZOF-UHFFFAOYSA-N"
31045202,"(2R)-2-Amino-1-indanol",149.084061,"C9H11NO","c1ccc2c(c1)C[C@H](C2O)N","InChI=1S/C9H11NO/c10-8-5-6-3-1-2-4-7(6)9(8)11/h1-4,8-9,11H,5,10H2/t8-,9?/m1/s1","HRWCWYGWEVVDLT-VEDVMXKPSA-N"
32787575,"(4R)-1,2,3,4-Tetrahydro-4-quinolinol",149.084061,"C9H11NO","c1ccc2c(c1)[C@@H](CCN2)O","InChI=1S/C9H11NO/c11-9-5-6-10-8-4-2-1-3-7(8)9/h1-4,9-11H,5-6H2/t9-/m1/s1","RYPZGQVVZOCWGK-SECBINFHSA-N"
32788579,"(2R)-2-Methyl-2,3-dihydro-1-benzofuran-5-amine",149.084061,"C9H11NO","C[C@@H]1Cc2cc(ccc2O1)N","InChI=1S/C9H11NO/c1-6-4-7-5-8(10)2-3-9(7)11-6/h2-3,5-6H,4,10H2,1H3/t6-/m1/s1","LSYQSRCIPQPFMO-ZCFIWIBFSA-N"
32788580,"(2S)-2-Methyl-2,3-dihydro-1-benzofuran-5-amine",149.084061,"C9H11NO","C[C@H]1Cc2cc(ccc2O1)N","InChI=1S/C9H11NO/c1-6-4-7-5-8(10)2-3-9(7)11-6/h2-3,5-6H,4,10H2,1H3/t6-/m0/s1","LSYQSRCIPQPFMO-LURJTMIESA-N"
32788711,"(S)-Cyclopropyl(3-pyridinyl)methanol",149.084061,"C9H11NO","c1cc(cnc1)[C@H](C2CC2)O","InChI=1S/C9H11NO/c11-9(7-3-4-7)8-2-1-5-10-6-8/h1-2,5-7,9,11H,3-4H2/t9-/m0/s1","SXBLTZRJXSRDQD-VIFPVBQESA-N"
32788712,"(R)-Cyclopropyl(3-pyridinyl)methanol",149.084061,"C9H11NO","c1cc(cnc1)[C@@H](C2CC2)O","InChI=1S/C9H11NO/c11-9(7-3-4-7)8-2-1-5-10-6-8/h1-2,5-7,9,11H,3-4H2/t9-/m1/s1","SXBLTZRJXSRDQD-SECBINFHSA-N"
32788940,"(2R)-2-Methyl-3,4-dihydro-2H-1,4-benzoxazine",149.084061,"C9H11NO","C[C@@H]1CNc2ccccc2O1","InChI=1S/C9H11NO/c1-7-6-10-8-4-2-3-5-9(8)11-7/h2-5,7,10H,6H2,1H3/t7-/m1/s1","YKPYSZOCOIUSEZ-SSDOTTSWSA-N"
32788941,"(2S)-2-Methyl-3,4-dihydro-2H-1,4-benzoxazine",149.084061,"C9H11NO","C[C@H]1CNc2ccccc2O1","InChI=1S/C9H11NO/c1-7-6-10-8-4-2-3-5-9(8)11-7/h2-5,7,10H,6H2,1H3/t7-/m0/s1","YKPYSZOCOIUSEZ-ZETCQYMHSA-N"
32867175,"4-[(2S)-2-Aziridinyl]-2-methylphenol",149.084061,"C9H11NO","Cc1cc(ccc1O)[C@H]2CN2","InChI=1S/C9H11NO/c1-6-4-7(8-5-10-8)2-3-9(6)11/h2-4,8,10-11H,5H2,1H3/t8-/m1/s1","NYAXBUPANOVQIV-MRVPVSSYSA-N"
32867421,"(2S)-2-(3-Methoxyphenyl)aziridine",149.084061,"C9H11NO","COc1cccc(c1)[C@H]2CN2","InChI=1S/C9H11NO/c1-11-8-4-2-3-7(5-8)9-6-10-9/h2-5,9-10H,6H2,1H3/t9-/m1/s1","IDQOISIWDUTVNH-SECBINFHSA-N"
32867640,"2-[(2S)-2-Aziridinyl]-4-methylphenol",149.084061,"C9H11NO","Cc1ccc(c(c1)[C@H]2CN2)O","InChI=1S/C9H11NO/c1-6-2-3-9(11)7(4-6)8-5-10-8/h2-4,8,10-11H,5H2,1H3/t8-/m1/s1","SAMHCMHHRBGAGQ-MRVPVSSYSA-N"
32867850,"N-(4-Ethoxyphenyl)methanimine",149.084061,"C9H11NO","CCOc1ccc(cc1)N=C","InChI=1S/C9H11NO/c1-3-11-9-6-4-8(10-2)5-7-9/h4-7H,2-3H2,1H3","OPXMQOBEPISHKX-UHFFFAOYSA-N"
32867918,"N-(2-Methoxy-6-methylphenyl)methanimine",149.084061,"C9H11NO","Cc1cccc(c1N=C)OC","InChI=1S/C9H11NO/c1-7-5-4-6-8(11-3)9(7)10-2/h4-6H,2H2,1,3H3","STZMIDSOIIQHBX-UHFFFAOYSA-N"
32867921,"N-(2-Methoxy-5-methylphenyl)methanimine",149.084061,"C9H11NO","Cc1ccc(c(c1)N=C)OC","InChI=1S/C9H11NO/c1-7-4-5-9(11-3)8(6-7)10-2/h4-6H,2H2,1,3H3","PKZKMKATCQAKGS-UHFFFAOYSA-N"
32966932,"2-[(2S)-2-Azetidinyl]phenol",149.084061,"C9H11NO","c1ccc(c(c1)[C@@H]2CCN2)O","InChI=1S/C9H11NO/c11-9-4-2-1-3-7(9)8-5-6-10-8/h1-4,8,10-11H,5-6H2/t8-/m0/s1","JWJXBYRERUVKHY-QMMMGPOBSA-N"
32967168,"3-[(2S)-2-Azetidinyl]phenol",149.084061,"C9H11NO","c1cc(cc(c1)O)[C@@H]2CCN2","InChI=1S/C9H11NO/c11-8-3-1-2-7(6-8)9-4-5-10-9/h1-3,6,9-11H,4-5H2/t9-/m0/s1","VYFDZGDIJFWICI-VIFPVBQESA-N"
32967176,"3-[(1R)-1-Amino-2-propen-1-yl]phenol",149.084061,"C9H11NO","C=C[C@H](c1cccc(c1)O)N","InChI=1S/C9H11NO/c1-2-9(10)7-4-3-5-8(11)6-7/h2-6,9,11H,1,10H2/t9-/m1/s1","YJPWRKWXAYIBSV-SECBINFHSA-N"
32967701,"2-[(1R)-1-Amino-2-propen-1-yl]phenol",149.084061,"C9H11NO","C=C[C@H](c1ccccc1O)N","InChI=1S/C9H11NO/c1-2-8(10)7-5-3-4-6-9(7)11/h2-6,8,11H,1,10H2/t8-/m1/s1","CQMVBTHCPSLLDF-MRVPVSSYSA-N"
32970144,"1-(2-Aminophenyl)-2-propen-1-ol",149.084061,"C9H11NO","C=CC(c1ccccc1N)O","InChI=1S/C9H11NO/c1-2-9(11)7-5-3-4-6-8(7)10/h2-6,9,11H,1,10H2","MNCSYOLQCIGXKT-UHFFFAOYSA-N"
32971155,"1-(2-Aminophenyl)cyclopropanol",149.084061,"C9H11NO","c1ccc(c(c1)C2(CC2)O)N","InChI=1S/C9H11NO/c10-8-4-2-1-3-7(8)9(11)5-6-9/h1-4,11H,5-6,10H2","WSDPSHVPQQCANN-UHFFFAOYSA-N"
32971429,"2-(2-Azetidinyl)phenol",149.084061,"C9H11NO","c1ccc(c(c1)C2CCN2)O","InChI=1S/C9H11NO/c11-9-4-2-1-3-7(9)8-5-6-10-8/h1-4,8,10-11H,5-6H2","JWJXBYRERUVKHY-UHFFFAOYSA-N"
32971591,"4-(2-Azetidinyl)phenol",149.084061,"C9H11NO","c1cc(ccc1C2CCN2)O","InChI=1S/C9H11NO/c11-8-3-1-7(2-4-8)9-5-6-10-9/h1-4,9-11H,5-6H2","USHJTUPPOMIZRF-UHFFFAOYSA-N"
32972726,"2-(5-Methyl-2-furyl)-2,3-butadien-1-amine",149.084061,"C9H11NO","Cc1ccc(o1)C(=C=C)CN","InChI=1S/C9H11NO/c1-3-8(6-10)9-5-4-7(2)11-9/h4-5H,1,6,10H2,2H3","DTBXKGFPZIYIDP-UHFFFAOYSA-N"
32972893,"4-Amino-2-cyclopropylphenol",149.084061,"C9H11NO","c1cc(c(cc1N)C2CC2)O","InChI=1S/C9H11NO/c10-7-3-4-9(11)8(5-7)6-1-2-6/h3-6,11H,1-2,10H2","ZSLUPDJPJUULRB-UHFFFAOYSA-N"
32973838,"2-[(1Z)-1-Propen-1-yloxy]aniline",149.084061,"C9H11NO","C/C=C\Oc1ccccc1N","InChI=1S/C9H11NO/c1-2-7-11-9-6-4-3-5-8(9)10/h2-7H,10H2,1H3/b7-2-","XASIOSPDTVEXTO-UQCOIBPSSA-N"
32974339,"3-[(1S,2R)-2-Aminocyclopropyl]phenol",149.084061,"C9H11NO","c1cc(cc(c1)O)[C@@H]2C[C@H]2N","InChI=1S/C9H11NO/c10-9-5-8(9)6-2-1-3-7(11)4-6/h1-4,8-9,11H,5,10H2/t8-,9+/m0/s1","BGHVEGUNJIPBAB-DTWKUNHWSA-N"
32974610,"N-Methyl-4-(vinyloxy)aniline",149.084061,"C9H11NO","CNc1ccc(cc1)OC=C","InChI=1S/C9H11NO/c1-3-11-9-6-4-8(10-2)5-7-9/h3-7,10H,1H2,2H3","KZZMTUHXEIJOIF-UHFFFAOYSA-N"
32974673,"3-Methyl-2,3-dihydro-1-benzofuran-4-amine",149.084061,"C9H11NO","CC1COc2c1c(ccc2)N","InChI=1S/C9H11NO/c1-6-5-11-8-4-2-3-7(10)9(6)8/h2-4,6H,5,10H2,1H3","KIZXEEYPVJYQAP-UHFFFAOYSA-N"
32974708,"7-Amino-1-indanol",149.084061,"C9H11NO","c1cc2c(c(c1)N)C(CC2)O","InChI=1S/C9H11NO/c10-7-3-1-2-6-4-5-8(11)9(6)7/h1-3,8,11H,4-5,10H2","DZJMOAKAYCIPRU-UHFFFAOYSA-N"
32974757,"1-[(5Z)-5-(1-Aminoethylidene)-1,3-cyclopentadien-1-yl]ethanone",149.084061,"C9H11NO","C/C(=C/1\C=CC=C1C(=O)C)/N","InChI=1S/C9H11NO/c1-6(10)8-4-3-5-9(8)7(2)11/h3-5H,10H2,1-2H3/b8-6-","CWQBDVABQDPRNE-VURMDHGXSA-N"
32974882,"8-(Aminomethyl)bicyclo[4.2.0]octa-1,3,5-trien-3-ol",149.084061,"C9H11NO","c1cc2c(cc1O)C(C2)CN","InChI=1S/C9H11NO/c10-5-7-3-6-1-2-8(11)4-9(6)7/h1-2,4,7,11H,3,5,10H2","ZCIDYMPADJJJHL-UHFFFAOYSA-N"
32974883,"7-(Aminomethyl)bicyclo[4.2.0]octa-1,3,5-trien-3-ol",149.084061,"C9H11NO","c1cc2c(cc1O)CC2CN","InChI=1S/C9H11NO/c10-5-7-3-6-4-8(11)1-2-9(6)7/h1-2,4,7,11H,3,5,10H2","FEFQFOZYXSSTBH-UHFFFAOYSA-N"
32975093,"(4Z,6Z)-9-Azabicyclo[6.2.0]deca-4,6-dien-10-one",149.084061,"C9H11NO","C\1CC2C(/C=C\C=C1)NC2=O","InChI=1S/C9H11NO/c11-9-7-5-3-1-2-4-6-8(7)10-9/h1-2,4,6-8H,3,5H2,(H,10,11)/b2-1-,6-4-","PRVLRIVMCPQBFZ-FIGGJLSXSA-N"
32975145,"3-Methyl-2-(methylamino)benzaldehyde",149.084061,"C9H11NO","Cc1cccc(c1NC)C=O","InChI=1S/C9H11NO/c1-7-4-3-5-8(6-11)9(7)10-2/h3-6,10H,1-2H3","YGXPXAJZNAYLDU-UHFFFAOYSA-N"
32975183,"2-Methyl-3,4-dihydro-2H-1,3-benzoxazine",149.084061,"C9H11NO","CC1NCc2ccccc2O1","InChI=1S/C9H11NO/c1-7-10-6-8-4-2-3-5-9(8)11-7/h2-5,7,10H,6H2,1H3","GQNVZHSQHFENPB-UHFFFAOYSA-N"
32975315,"7-Azabicyclo[4.2.2]deca-4,9-dien-8-one",149.084061,"C9H11NO","C1CC2C=CC(C=C1)NC2=O","InChI=1S/C9H11NO/c11-9-7-3-1-2-4-8(10-9)6-5-7/h2,4-8H,1,3H2,(H,10,11)/b4-2-","XZJJWXGNAQIYML-RQOWECAXSA-N"
32975317,"7-Azatricyclo[4.2.2.0~2,5~]dec-9-en-8-one",149.084061,"C9H11NO","C1CC2C1C3C=CC2NC3=O","InChI=1S/C9H11NO/c11-9-7-3-4-8(10-9)6-2-1-5(6)7/h3-8H,1-2H2,(H,10,11)","KSSPVWWZJWJFPY-UHFFFAOYSA-N"
32975319,"4-Methyl-2,5,6,7-tetrahydro-1H-cyclopenta[c]pyridin-1-one",149.084061,"C9H11NO","Cc1c[nH]c(=O)c2c1CCC2","InChI=1S/C9H11NO/c1-6-5-10-9(11)8-4-2-3-7(6)8/h5H,2-4H2,1H3,(H,10,11)","IPFCXPDTHGOCLE-UHFFFAOYSA-N"
32975526,"4-Azatricyclo[6.2.0.0~2,5~]dec-6-en-3-one",149.084061,"C9H11NO","C1CC2C1C=CC3C2C(=O)N3","InChI=1S/C9H11NO/c11-9-8-6-3-1-5(6)2-4-7(8)10-9/h2,4-8H,1,3H2,(H,10,11)","UPHPZLGDNDRIDW-UHFFFAOYSA-N"
32975529,"7-Azabicyclo[4.2.2]deca-2,4-dien-8-one",149.084061,"C9H11NO","C1CC2C=CC=CC1C(=O)N2","InChI=1S/C9H11NO/c11-9-7-3-1-2-4-8(10-9)6-5-7/h1-4,7-8H,5-6H2,(H,10,11)/b3-1-,4-2-","RGNXSZVAXXMZCK-CCAGOZQPSA-N"
32975997,"4-Methoxy-N-vinylaniline",149.084061,"C9H11NO","COc1ccc(cc1)NC=C","InChI=1S/C9H11NO/c1-3-10-8-4-6-9(11-2)7-5-8/h3-7,10H,1H2,2H3","CPSBVUAMKPSDPX-UHFFFAOYSA-N"
32976011,"[2-(Methylamino)phenyl]acetaldehyde",149.084061,"C9H11NO","CNc1ccccc1CC=O","InChI=1S/C9H11NO/c1-10-9-5-3-2-4-8(9)6-7-11/h2-5,7,10H,6H2,1H3","AFDTZJMYXZXQBF-UHFFFAOYSA-N"
32976199,"2-Methyl-5-indolinol",149.084061,"C9H11NO","CC1Cc2cc(ccc2N1)O","InChI=1S/C9H11NO/c1-6-4-7-5-8(11)2-3-9(7)10-6/h2-3,5-6,10-11H,4H2,1H3","PLAIEGJVWLIPNO-UHFFFAOYSA-N"
32976417,"(4S)-4-Phenyl-1,3-oxazolidine",149.084061,"C9H11NO","c1ccc(cc1)[C@H]2COCN2","InChI=1S/C9H11NO/c1-2-4-8(5-3-1)9-6-11-7-10-9/h1-5,9-10H,6-7H2/t9-/m1/s1","SBJSTQONOOUZKC-SECBINFHSA-N"
32976593,"6-Methyl-2-(methylamino)-2,4,6-cycloheptatrien-1-one",149.084061,"C9H11NO","Cc1cccc(c(=O)c1)NC","InChI=1S/C9H11NO/c1-7-4-3-5-8(10-2)9(11)6-7/h3-6H,1-2H3,(H,10,11)","YTVDORXGKHKXML-UHFFFAOYSA-N"
32976594,"5-Methyl-2-(methylamino)-2,4,6-cycloheptatrien-1-one",149.084061,"C9H11NO","Cc1ccc(c(=O)cc1)NC","InChI=1S/C9H11NO/c1-7-3-5-8(10-2)9(11)6-4-7/h3-6H,1-2H3,(H,10,11)","ITLNVMAUUPOLKN-UHFFFAOYSA-N"
32976673,"[(2S,3R)-3-Phenyl-2-aziridinyl]methanol",149.084061,"C9H11NO","c1ccc(cc1)[C@@H]2[C@H](N2)CO","InChI=1S/C9H11NO/c11-6-8-9(10-8)7-4-2-1-3-5-7/h1-5,8-11H,6H2/t8-,9-/m1/s1","NOBMNQSISVDOMO-RKDXNWHRSA-N"
32977001,"2-Methyl-1,4-dihydro-2H-3,1-benzoxazine",149.084061,"C9H11NO","CC1Nc2ccccc2CO1","InChI=1S/C9H11NO/c1-7-10-9-5-3-2-4-8(9)6-11-7/h2-5,7,10H,6H2,1H3","MFTGTJHCCIGMQV-UHFFFAOYSA-N"
32977067,"2-(Phenoxymethyl)aziridine",149.084061,"C9H11NO","c1ccc(cc1)OCC2CN2","InChI=1S/C9H11NO/c1-2-4-9(5-3-1)11-7-8-6-10-8/h1-5,8,10H,6-7H2","UURJBZYJQJVJGO-UHFFFAOYSA-N"
32977121,"3-Methyl-6-indolinol",149.084061,"C9H11NO","CC1CNc2c1ccc(c2)O","InChI=1S/C9H11NO/c1-6-5-10-9-4-7(11)2-3-8(6)9/h2-4,6,10-11H,5H2,1H3","VMNLGBFSHOJFEI-UHFFFAOYSA-N"
32977398,"(2S,3S)-2-Methyl-3-indolinol",149.084061,"C9H11NO","C[C@H]1[C@H](c2ccccc2N1)O","InChI=1S/C9H11NO/c1-6-9(11)7-4-2-3-5-8(7)10-6/h2-6,9-11H,1H3/t6-,9+/m0/s1","WTTNRIGHPZNTTE-IMTBSYHQSA-N"
32977399,"(2R,3S)-2-Methyl-3-indolinol",149.084061,"C9H11NO","C[C@@H]1[C@H](c2ccccc2N1)O","InChI=1S/C9H11NO/c1-6-9(11)7-4-2-3-5-8(7)10-6/h2-6,9-11H,1H3/t6-,9-/m1/s1","WTTNRIGHPZNTTE-HZGVNTEJSA-N"
32977471,"(2E,4E)-5-(1H-Pyrrol-2-yl)-2,4-pentadien-1-ol",149.084061,"C9H11NO","c1cc([nH]c1)/C=C/C=C/CO","InChI=1S/C9H11NO/c11-8-3-1-2-5-9-6-4-7-10-9/h1-7,10-11H,8H2/b3-1+,5-2+","PZSMGBXPUKTMOQ-MGBLWKCQSA-N"
32977613,"6-Methyl-1,5,6,7-tetrahydro-4H-indol-4-one",149.084061,"C9H11NO","CC1Cc2c(cc[nH]2)C(=O)C1","InChI=1S/C9H11NO/c1-6-4-8-7(2-3-10-8)9(11)5-6/h2-3,6,10H,4-5H2,1H3","RERIBTMJHAQDJQ-UHFFFAOYSA-N"
32977848,"3-[(2E)-2-Buten-1-yl]-2(1H)-pyridinone",149.084061,"C9H11NO","C/C=C/Cc1ccc[nH]c1=O","InChI=1S/C9H11NO/c1-2-3-5-8-6-4-7-10-9(8)11/h2-4,6-7H,5H2,1H3,(H,10,11)/b3-2+","YBMCOEDYMPGGIW-NSCUHMNNSA-N"
32978187,"2-Methyl-7-(methylamino)-2,4,6-cycloheptatrien-1-one",149.084061,"C9H11NO","Cc1ccccc(c1=O)NC","InChI=1S/C9H11NO/c1-7-5-3-4-6-8(10-2)9(7)11/h3-6H,1-2H3,(H,10,11)","UPFJTDRODWNVNG-UHFFFAOYSA-N"
32978258,"6-Methoxy-4,7-dihydro-1H-indole",149.084061,"C9H11NO","COC1=CCc2cc[nH]c2C1","InChI=1S/C9H11NO/c1-11-8-3-2-7-4-5-10-9(7)6-8/h3-5,10H,2,6H2,1H3","BQNMFHWEGLKPOZ-UHFFFAOYSA-N"
32978364,"3-(3-Buten-2-yl)-2(1H)-pyridinone",149.084061,"C9H11NO","CC(C=C)c1ccc[nH]c1=O","InChI=1S/C9H11NO/c1-3-7(2)8-5-4-6-10-9(8)11/h3-7H,1H2,2H3,(H,10,11)","MNGWGPGBKNJGDF-UHFFFAOYSA-N"
32978410,"2-Aziridinyl(phenyl)methanol",149.084061,"C9H11NO","c1ccc(cc1)C(C2CN2)O","InChI=1S/C9H11NO/c11-9(8-6-10-8)7-4-2-1-3-5-7/h1-5,8-11H,6H2","CPYOTMKLOFBUBA-UHFFFAOYSA-N"
32978431,"4-Methyl-3,4-dihydro-2H-1,3-benzoxazine",149.084061,"C9H11NO","CC1c2ccccc2OCN1","InChI=1S/C9H11NO/c1-7-8-4-2-3-5-9(8)11-6-10-7/h2-5,7,10H,6H2,1H3","QOLRRSJLIRXRFX-UHFFFAOYSA-N"
32978464,"N-(2,4,6-Cycloheptatrien-1-yl)acetamide",149.084061,"C9H11NO","CC(=O)NC1C=CC=CC=C1","InChI=1S/C9H11NO/c1-8(11)10-9-6-4-2-3-5-7-9/h2-7,9H,1H3,(H,10,11)","NNJYKBLHMJMOHT-UHFFFAOYSA-N"
34446637,"(5-Ethyl-2-pyridinyl)acetaldehyde",149.084061,"C9H11NO","CCc1ccc(nc1)CC=O","InChI=1S/C9H11NO/c1-2-8-3-4-9(5-6-11)10-7-8/h3-4,6-7H,2,5H2,1H3","KFUWSJNHJGDTBY-UHFFFAOYSA-N"
35035990,"(2R)-2-Amino-2-phenylpropanal",149.084061,"C9H11NO","CC(C=O)(c1ccccc1)N","InChI=1S/C9H11NO/c1-9(10,7-11)8-5-3-2-4-6-8/h2-7H,10H2,1H3","ZSXLUJGBLANQNU-UHFFFAOYSA-N"
35486632,"N-[(2-Methyl-3-furyl)methyl]-2-propyn-1-amine",149.084061,"C9H11NO","Cc1c(cco1)CNCC#C","InChI=1S/C9H11NO/c1-3-5-10-7-9-4-6-11-8(9)2/h1,4,6,10H,5,7H2,2H3","QTUCCQPHSVPFHM-UHFFFAOYSA-N"
35637983,"1-(2-Methyl-3-pyridinyl)cyclopropanol",149.084061,"C9H11NO","Cc1c(cccn1)C2(CC2)O","InChI=1S/C9H11NO/c1-7-8(3-2-6-10-7)9(11)4-5-9/h2-3,6,11H,4-5H2,1H3","IQZUMWQNZWWSNI-UHFFFAOYSA-N"
35770909,"(6E)-6-[(Ethylamino)methylene]-2,4-cyclohexadien-1-one",149.084061,"C9H11NO","CCN/C=C/1\C=CC=CC1=O","InChI=1S/C9H11NO/c1-2-10-7-8-5-3-4-6-9(8)11/h3-7,10H,2H2,1H3/b8-7+","UYZUQVCBUZXRBB-BQYQJAHWSA-N"
35778009,"4-Oxospiro[2.5]octane-1-carbonitrile",149.084061,"C9H11NO","C1CCC2(CC2C#N)C(=O)C1","InChI=1S/C9H11NO/c10-6-7-5-9(7)4-2-1-3-8(9)11/h7H,1-5H2","XRNBRKTXDTXYNH-UHFFFAOYSA-N"
35784726,"2-Hydroxy-1-(2-propyn-1-yl)cyclopentanecarbonitrile",149.084061,"C9H11NO","C#CCC1(CCCC1O)C#N","InChI=1S/C9H11NO/c1-2-5-9(7-10)6-3-4-8(9)11/h1,8,11H,3-6H2","WIIUXTVZLVALJT-UHFFFAOYSA-N"
35784763,"1-Isopropyl-2-nitrosobenzene",149.084061,"C9H11NO","CC(C)c1ccccc1N=O","InChI=1S/C9H11NO/c1-7(2)8-5-3-4-6-9(8)10-11/h3-7H,1-2H3","WGINLMPUXDHRKL-UHFFFAOYSA-N"
35784764,"1-Nitroso-4-propylbenzene",149.084061,"C9H11NO","CCCc1ccc(cc1)N=O","InChI=1S/C9H11NO/c1-2-3-8-4-6-9(10-11)7-5-8/h4-7H,2-3H2,1H3","XHNUYMNRCLHBFU-UHFFFAOYSA-N"
35785999,"3-(Dimethylamino)-2,4,6-cycloheptatrien-1-one",149.084061,"C9H11NO","CN(C)c1ccccc(=O)c1","InChI=1S/C9H11NO/c1-10(2)8-5-3-4-6-9(11)7-8/h3-7H,1-2H3","JDNLIKHZHXBQDX-UHFFFAOYSA-N"
35790745,"4-(Dimethylamino)-2,4,6-cycloheptatrien-1-one",149.084061,"C9H11NO","CN(C)c1cccc(=O)cc1","InChI=1S/C9H11NO/c1-10(2)8-4-3-5-9(11)7-6-8/h3-7H,1-2H3","SUUHFFYNXALCPA-UHFFFAOYSA-N"
35796448,"(6E)-6-(1-Aminoethylidene)-3-methyl-2,4-cyclohexadien-1-one",149.084061,"C9H11NO","CC1=CC(=O)/C(=C(\C)/N)/C=C1","InChI=1S/C9H11NO/c1-6-3-4-8(7(2)10)9(11)5-6/h3-5H,10H2,1-2H3/b8-7+","IHUKPHYWFDZWHB-BQYQJAHWSA-N"
35797383,"(1Z)-2-Amino-1-phenyl-1-propen-1-ol",149.084061,"C9H11NO","C/C(=C(\c1ccccc1)/O)/N","InChI=1S/C9H11NO/c1-7(10)9(11)8-5-3-2-4-6-8/h2-6,11H,10H2,1H3/b9-7-","YGGFLXISWLIPPI-CLFYSBASSA-N"
35803669,"(6Z)-6-(Aminomethylene)-2-ethyl-2,4-cyclohexadien-1-one",149.084061,"C9H11NO","CCC1=CC=C/C(=C/N)/C1=O","InChI=1S/C9H11NO/c1-2-7-4-3-5-8(6-10)9(7)11/h3-6H,2,10H2,1H3/b8-6-","LLKZSMHQAXFUFC-VURMDHGXSA-N"
35804959,"N-Phenyl-N-[(1Z)-propylidene]amine oxide",149.084061,"C9H11NO","CC/C=[N+](/c1ccccc1)\[O-]","InChI=1S/C9H11NO/c1-2-8-10(11)9-6-4-3-5-7-9/h3-8H,2H2,1H3/b10-8-","QIVGSVJURLJUQG-NTMALXAHSA-N"
35806438,"1-Methyl-5-oxobicyclo[2.2.1]heptane-2-carbonitrile",149.084061,"C9H11NO","CC12CC(CC1C#N)C(=O)C2","InChI=1S/C9H11NO/c1-9-3-6(8(11)4-9)2-7(9)5-10/h6-7H,2-4H2,1H3","STDQRJMOLDGZGK-UHFFFAOYSA-N"
35807195,"1,2,4-Trimethyl-5-nitrosobenzene",149.084061,"C9H11NO","Cc1cc(c(cc1C)N=O)C","InChI=1S/C9H11NO/c1-6-4-8(3)9(10-11)5-7(6)2/h4-5H,1-3H3","XDBFNPJWKNRALW-UHFFFAOYSA-N"
35890709,"3-(Bicyclo[3.1.0]hex-3-yl)-3-oxopropanenitrile",149.084061,"C9H11NO","C1C2C1CC(C2)C(=O)CC#N","InChI=1S/C9H11NO/c10-2-1-9(11)8-4-6-3-7(6)5-8/h6-8H,1,3-5H2","BCPGMUICTRPJJN-UHFFFAOYSA-N"
36994006,"N-[1-(3-Furyl)ethyl]-2-propyn-1-amine",149.084061,"C9H11NO","CC(c1ccoc1)NCC#C","InChI=1S/C9H11NO/c1-3-5-10-8(2)9-4-6-11-7-9/h1,4,6-8,10H,5H2,2H3","PBFQCAVXZPFKHD-UHFFFAOYSA-N"
37041130,"3-(Bicyclo[3.1.0]hex-6-yl)-3-oxopropanenitrile",149.084061,"C9H11NO","C1CC2C(C1)C2C(=O)CC#N","InChI=1S/C9H11NO/c10-5-4-8(11)9-6-2-1-3-7(6)9/h6-7,9H,1-4H2","NNQFXDZMPPCBBG-UHFFFAOYSA-N"
37227844,"1-(4-Methyl-3-pyridinyl)-2-propen-1-ol",149.084061,"C9H11NO","Cc1ccncc1C(C=C)O","InChI=1S/C9H11NO/c1-3-9(11)8-6-10-5-4-7(8)2/h3-6,9,11H,1H2,2H3","ATIMCBMMKCTLAM-UHFFFAOYSA-N"
37228849,"(2E)-3-(4-Methyl-3-pyridinyl)-2-propen-1-ol",149.084061,"C9H11NO","Cc1ccncc1/C=C/CO","InChI=1S/C9H11NO/c1-8-4-5-10-7-9(8)3-2-6-11/h2-5,7,11H,6H2,1H3/b3-2+","ATAQMRAPYIQEKY-NSCUHMNNSA-N"
37257726,"(2E)-3-(5-Methyl-2-pyridinyl)-2-propen-1-ol",149.084061,"C9H11NO","Cc1ccc(nc1)/C=C/CO","InChI=1S/C9H11NO/c1-8-4-5-9(10-7-8)3-2-6-11/h2-5,7,11H,6H2,1H3/b3-2+","UDEVVTYGWWRYLI-NSCUHMNNSA-N"
37257907,"1-(5-Methyl-2-pyridinyl)-2-propen-1-ol",149.084061,"C9H11NO","Cc1ccc(nc1)C(C=C)O","InChI=1S/C9H11NO/c1-3-9(11)8-5-4-7(2)6-10-8/h3-6,9,11H,1H2,2H3","DFXRNNJOEWJGOF-UHFFFAOYSA-N"
37337402,"N-[(1S)-1-(2-Furyl)ethyl]-2-propyn-1-amine",149.084061,"C9H11NO","C[C@@H](c1ccco1)NCC#C","InChI=1S/C9H11NO/c1-3-6-10-8(2)9-5-4-7-11-9/h1,4-5,7-8,10H,6H2,2H3/t8-/m0/s1","JSUGAXIOWGIFKR-QMMMGPOBSA-N"
37338138,"N-[(1R)-1-(2-Furyl)ethyl]-2-propyn-1-amine",149.084061,"C9H11NO","C[C@H](c1ccco1)NCC#C","InChI=1S/C9H11NO/c1-3-6-10-8(2)9-5-4-7-11-9/h1,4-5,7-8,10H,6H2,2H3/t8-/m1/s1","JSUGAXIOWGIFKR-MRVPVSSYSA-N"
37490263,"1-(2,3-Dihydro-1H-pyrrolizin-6-yl)ethanone",149.084061,"C9H11NO","CC(=O)c1cc2n(c1)CCC2","InChI=1S/C9H11NO/c1-7(11)8-5-9-3-2-4-10(9)6-8/h5-6H,2-4H2,1H3","XFKNFKGPDQMDMR-UHFFFAOYSA-N"
37490264,"1-(1,4,5,6-Tetrahydrocyclopenta[b]pyrrol-3-yl)ethanone",149.084061,"C9H11NO","CC(=O)c1c[nH]c2c1CCC2","InChI=1S/C9H11NO/c1-6(11)8-5-10-9-4-2-3-7(8)9/h5,10H,2-4H2,1H3","HKIDCEGPXKUFFR-UHFFFAOYSA-N"
37490265,"1-(4-Methyl-3-pyridinyl)acetone",149.084061,"C9H11NO","Cc1ccncc1CC(=O)C","InChI=1S/C9H11NO/c1-7-3-4-10-6-9(7)5-8(2)11/h3-4,6H,5H2,1-2H3","BVZXEOGLPNMCLE-UHFFFAOYSA-N"
37490266,"1-(5-Methyl-3-pyridinyl)acetone",149.084061,"C9H11NO","Cc1cc(cnc1)CC(=O)C","InChI=1S/C9H11NO/c1-7-3-9(4-8(2)11)6-10-5-7/h3,5-6H,4H2,1-2H3","XYRAXRVWUMSAJQ-UHFFFAOYSA-N"
37490267,"1-(6-Methyl-3-pyridinyl)acetone",149.084061,"C9H11NO","Cc1ccc(cn1)CC(=O)C","InChI=1S/C9H11NO/c1-7-3-4-9(6-10-7)5-8(2)11/h3-4,6H,5H2,1-2H3","GLUOJSAVCDKVKO-UHFFFAOYSA-N"
37490268,"3,4-Dihydro-1H-isochromen-5-amine",149.084061,"C9H11NO","c1cc2c(c(c1)N)CCOC2","InChI=1S/C9H11NO/c10-9-3-1-2-7-6-11-5-4-8(7)9/h1-3H,4-6,10H2","OIOQNFRDNGFQDN-UHFFFAOYSA-N"
37490269,"3,4-Dihydro-1H-isochromen-8-amine",149.084061,"C9H11NO","c1cc2c(c(c1)N)COCC2","InChI=1S/C9H11NO/c10-9-3-1-2-7-4-5-11-6-8(7)9/h1-3H,4-6,10H2","HEVXHQFCCQUZKM-UHFFFAOYSA-N"
37490270,"1-(1,3-Dihydro-2-benzofuran-4-yl)methanamine",149.084061,"C9H11NO","c1cc2c(c(c1)CN)COC2","InChI=1S/C9H11NO/c10-4-7-2-1-3-8-5-11-6-9(7)8/h1-3H,4-6,10H2","UPEHHHMYIMIKRA-UHFFFAOYSA-N"
37490271,"1-(2,3-Dihydro-1-benzofuran-4-yl)methanamine",149.084061,"C9H11NO","c1cc(c2c(c1)OCC2)CN","InChI=1S/C9H11NO/c10-6-7-2-1-3-9-8(7)4-5-11-9/h1-3H,4-6,10H2","XVFCNTQRGHDWLM-UHFFFAOYSA-N"
37490272,"2-(2-Furyl)-3-azabicyclo[3.1.0]hexane",149.084061,"C9H11NO","c1cc(oc1)C2C3CC3CN2","InChI=1S/C9H11NO/c1-2-8(11-3-1)9-7-4-6(7)5-10-9/h1-3,6-7,9-10H,4-5H2","KOAIYVZSTINZHZ-UHFFFAOYSA-N"
37490273,"5,7-Dimethyl-2,3-dihydro-1H-pyrrolizin-1-one",149.084061,"C9H11NO","Cc1cc(n2c1C(=O)CC2)C","InChI=1S/C9H11NO/c1-6-5-7(2)10-4-3-8(11)9(6)10/h5H,3-4H2,1-2H3","SBWDTNJZAMVEKC-UHFFFAOYSA-N"
37490274,"3-Methyl-6,7-dihydro-8(5H)-indolizinone",149.084061,"C9H11NO","Cc1ccc2n1CCCC2=O","InChI=1S/C9H11NO/c1-7-4-5-8-9(11)3-2-6-10(7)8/h4-5H,2-3,6H2,1H3","ZNIRYCCSSJKBNN-UHFFFAOYSA-N"
37490275,"3-Methyl-7,8-dihydro-6(5H)-indolizinone",149.084061,"C9H11NO","Cc1ccc2n1CC(=O)CC2","InChI=1S/C9H11NO/c1-7-2-3-8-4-5-9(11)6-10(7)8/h2-3H,4-6H2,1H3","QMJLHDSASACBSE-UHFFFAOYSA-N"
37606167,"6-Methyl-6,7-dihydro-8(5H)-indolizinone",149.084061,"C9H11NO","CC1CC(=O)c2cccn2C1","InChI=1S/C9H11NO/c1-7-5-9(11)8-3-2-4-10(8)6-7/h2-4,7H,5-6H2,1H3","HOXCKNLRNUXVQO-UHFFFAOYSA-N"
37606168,"3-Ethyl-2,3-dihydro-1H-pyrrolizin-1-one",149.084061,"C9H11NO","CCC1CC(=O)c2n1ccc2","InChI=1S/C9H11NO/c1-2-7-6-9(11)8-4-3-5-10(7)8/h3-5,7H,2,6H2,1H3","IJNJSRMJFPYUCX-UHFFFAOYSA-N"
37606169,"1-(2,5-Dimethyl-1H-pyrrol-3-yl)-2-propen-1-one",149.084061,"C9H11NO","Cc1cc(c([nH]1)C)C(=O)C=C","InChI=1S/C9H11NO/c1-4-9(11)8-5-6(2)10-7(8)3/h4-5,10H,1H2,2-3H3","XUZQOWSBZVEYII-UHFFFAOYSA-N"
37606170,"2-Methyl-1-(1-methyl-1H-pyrrol-2-yl)-2-propen-1-one",149.084061,"C9H11NO","CC(=C)C(=O)c1cccn1C","InChI=1S/C9H11NO/c1-7(2)9(11)8-5-4-6-10(8)3/h4-6H,1H2,2-3H3","VATIFXILGWDJPV-UHFFFAOYSA-N"
37651103,"1-Methyl-6,7-dihydro-5H-cyclopenta[c]pyridin-3-ol",149.084061,"C9H11NO","Cc1c2c(cc(n1)O)CCC2","InChI=1S/C9H11NO/c1-6-8-4-2-3-7(8)5-9(11)10-6/h5H,2-4H2,1H3,(H,10,11)","ZDFNAICHZXRRLY-UHFFFAOYSA-N"
37670280,"1-(4-Pyridinyl)cyclobutanol",149.084061,"C9H11NO","c1cnccc1C2(CCC2)O","InChI=1S/C9H11NO/c11-9(4-1-5-9)8-2-6-10-7-3-8/h2-3,6-7,11H,1,4-5H2","ZEVOATLIYSMAAJ-UHFFFAOYSA-N"
37670281,"1-(3-Pyridinyl)cyclobutanol",149.084061,"C9H11NO","c1cc(cnc1)C2(CCC2)O","InChI=1S/C9H11NO/c11-9(4-2-5-9)8-3-1-6-10-7-8/h1,3,6-7,11H,2,4-5H2","JCKAICPLJWIPJC-UHFFFAOYSA-N"
37670282,"1-(2-Pyridinyl)cyclobutanol",149.084061,"C9H11NO","c1ccnc(c1)C2(CCC2)O","InChI=1S/C9H11NO/c11-9(5-3-6-9)8-4-1-2-7-10-8/h1-2,4,7,11H,3,5-6H2","KMJZWCDFXHFBQD-UHFFFAOYSA-N"
37670283,"3-(2-Furyl)pentanenitrile",149.084061,"C9H11NO","CCC(CC#N)c1ccco1","InChI=1S/C9H11NO/c1-2-8(5-6-10)9-4-3-7-11-9/h3-4,7-8H,2,5H2,1H3","SEMWKJFTMBURAV-UHFFFAOYSA-N"
37670284,"3-(5-Methyl-2-furyl)butanenitrile",149.084061,"C9H11NO","Cc1ccc(o1)C(C)CC#N","InChI=1S/C9H11NO/c1-7(5-6-10)9-4-3-8(2)11-9/h3-4,7H,5H2,1-2H3","BPXUZGABSFKFFG-UHFFFAOYSA-N"
37670285,"2-(2-Furyl)-3-methylbutanenitrile",149.084061,"C9H11NO","CC(C)C(C#N)c1ccco1","InChI=1S/C9H11NO/c1-7(2)8(6-10)9-4-3-5-11-9/h3-5,7-8H,1-2H3","SSCYXPWRXDDTCM-UHFFFAOYSA-N"
37670286,"2-(5-Methyl-2-furyl)butanenitrile",149.084061,"C9H11NO","CCC(C#N)c1ccc(o1)C","InChI=1S/C9H11NO/c1-3-8(6-10)9-5-4-7(2)11-9/h4-5,8H,3H2,1-2H3","FCMWPIUJCSIMKI-UHFFFAOYSA-N"
37670287,"2-(1-Aminocyclopropyl)phenol",149.084061,"C9H11NO","c1ccc(c(c1)C2(CC2)N)O","InChI=1S/C9H11NO/c10-9(5-6-9)7-3-1-2-4-8(7)11/h1-4,11H,5-6,10H2","WACCBGWJWDQUGW-UHFFFAOYSA-N"
37670288,"3b,4,5,6,6a,7-Hexahydrofuro[2',3':4,5]cyclopenta[1,2-b]pyrrole",149.084061,"C9H11NO","c1coc2c1C3C(C2)CCN3","InChI=1S/C9H11NO/c1-3-10-9-6(1)5-8-7(9)2-4-11-8/h2,4,6,9-10H,1,3,5H2","CHYPFIMVFSWYAA-UHFFFAOYSA-N"
37670289,"[1-(2-Pyridinyl)cyclopropyl]methanol",149.084061,"C9H11NO","c1ccnc(c1)C2(CC2)CO","InChI=1S/C9H11NO/c11-7-9(4-5-9)8-3-1-2-6-10-8/h1-3,6,11H,4-5,7H2","SAFCWNDMMNZFIM-UHFFFAOYSA-N"
37670290,"2-Methyl-2-(4-pyridinyl)propanal",149.084061,"C9H11NO","CC(C)(C=O)c1ccncc1","InChI=1S/C9H11NO/c1-9(2,7-11)8-3-5-10-6-4-8/h3-7H,1-2H3","OKNKTICXHOFSKZ-UHFFFAOYSA-N"
37686676,"Cyclobutyl(1H-pyrrol-2-yl)methanone",149.084061,"C9H11NO","c1cc([nH]c1)C(=O)C2CCC2","InChI=1S/C9H11NO/c11-9(7-3-1-4-7)8-5-2-6-10-8/h2,5-7,10H,1,3-4H2","AUGCSKAPUODMFO-UHFFFAOYSA-N"
37686677,"5-(Aminooxy)indane",149.084061,"C9H11NO","c1cc2c(cc1ON)CCC2","InChI=1S/C9H11NO/c10-11-9-5-4-7-2-1-3-8(7)6-9/h4-6H,1-3,10H2","KSZOIWOJEPUFBY-UHFFFAOYSA-N"
37686678,"2-Methyl-2-(5-methyl-2-furyl)propanenitrile",149.084061,"C9H11NO","Cc1ccc(o1)C(C)(C)C#N","InChI=1S/C9H11NO/c1-7-4-5-8(11-7)9(2,3)6-10/h4-5H,1-3H3","YGCUDOIMZBHMFL-UHFFFAOYSA-N"
37700349,"3-(1H-Pyrrol-3-yl)cyclopentanone",149.084061,"C9H11NO","c1c[nH]cc1C2CCC(=O)C2","InChI=1S/C9H11NO/c11-9-2-1-7(5-9)8-3-4-10-6-8/h3-4,6-7,10H,1-2,5H2","YJSJKZTVPNOXDV-UHFFFAOYSA-N"
37900792,"N-(2-Furylmethyl)-N-methyl-2-propyn-1-amine",149.084061,"C9H11NO","CN(CC#C)Cc1ccco1","InChI=1S/C9H11NO/c1-3-6-10(2)8-9-5-4-7-11-9/h1,4-5,7H,6,8H2,2H3","JTKKOAUBTKWHKV-UHFFFAOYSA-N"
37934562,"N-[2-(2-Furyl)ethyl]-2-propyn-1-amine",149.084061,"C9H11NO","C#CCNCCc1ccco1","InChI=1S/C9H11NO/c1-2-6-10-7-5-9-4-3-8-11-9/h1,3-4,8,10H,5-7H2","IEZVILYVHOGIHB-UHFFFAOYSA-N"
37963864,"(2E,4E)-N-(2-Propyn-1-yl)-2,4-hexadienamide",149.084061,"C9H11NO","C/C=C/C=C/C(=O)NCC#C","InChI=1S/C9H11NO/c1-3-5-6-7-9(11)10-8-4-2/h2-3,5-7H,8H2,1H3,(H,10,11)/b5-3+,7-6+","IBFRKTYOAHVZNK-TWTPFVCWSA-N"
37964031,"(E)-1-(2,5-Dimethylphenyl)-N-hydroxymethanimine",149.084061,"C9H11NO","Cc1ccc(c(c1)/C=N/O)C","InChI=1S/C9H11NO/c1-7-3-4-8(2)9(5-7)6-10-11/h3-6,11H,1-2H3/b10-6+","CYXCYDJPJFMZOD-UXBLZVDNSA-N"
38002827,"(2-Cyclopropyl-4-pyridinyl)methanol",149.084061,"C9H11NO","c1cnc(cc1CO)C2CC2","InChI=1S/C9H11NO/c11-6-7-3-4-10-9(5-7)8-1-2-8/h3-5,8,11H,1-2,6H2","SCDOGNXYKCWCBS-UHFFFAOYSA-N"
38194853,"2-(2,5-Dimethyl-3-furyl)propanenitrile",149.084061,"C9H11NO","Cc1cc(c(o1)C)C(C)C#N","InChI=1S/C9H11NO/c1-6(5-10)9-4-7(2)11-8(9)3/h4,6H,1-3H3","VYXWSBJHJITBCM-UHFFFAOYSA-N"
38237200,"(Z)-1-(2,6-Dimethylphenyl)-N-hydroxymethanimine",149.084061,"C9H11NO","Cc1cccc(c1/C=N\O)C","InChI=1S/C9H11NO/c1-7-4-3-5-8(2)9(7)6-10-11/h3-6,11H,1-2H3/b10-6-","NCDRLKCHBVXWEL-POHAHGRESA-N"
38512985,"1-(3-Pyridinyl)-3-buten-1-ol",149.084061,"C9H11NO","C=CCC(c1cccnc1)O","InChI=1S/C9H11NO/c1-2-4-9(11)8-5-3-6-10-7-8/h2-3,5-7,9,11H,1,4H2","NRXCONFJQGCIBF-UHFFFAOYSA-N"
39168605,"N-(2-Furylmethyl)-3-butyn-1-amine",149.084061,"C9H11NO","C#CCCNCc1ccco1","InChI=1S/C9H11NO/c1-2-3-6-10-8-9-5-4-7-11-9/h1,4-5,7,10H,3,6,8H2","RQINIQQGADWHAP-UHFFFAOYSA-N"
40015268,"1-(3-Methyl-2-pyridinyl)cyclopropanol",149.084061,"C9H11NO","Cc1cccnc1C2(CC2)O","InChI=1S/C9H11NO/c1-7-3-2-6-10-8(7)9(11)4-5-9/h2-3,6,11H,4-5H2,1H3","KELPGNAIIDPBFD-UHFFFAOYSA-N"
40015298,"1-(6-Methyl-2-pyridinyl)cyclopropanol",149.084061,"C9H11NO","Cc1cccc(n1)C2(CC2)O","InChI=1S/C9H11NO/c1-7-3-2-4-8(10-7)9(11)5-6-9/h2-4,11H,5-6H2,1H3","LUTWOTBQGKMXGI-UHFFFAOYSA-N"
40015301,"1-(6-Methyl-3-pyridinyl)cyclopropanol",149.084061,"C9H11NO","Cc1ccc(cn1)C2(CC2)O","InChI=1S/C9H11NO/c1-7-2-3-8(6-10-7)9(11)4-5-9/h2-3,6,11H,4-5H2,1H3","CFHVPJJZEJNYOH-UHFFFAOYSA-N"
40015314,"1-(4-Pyridinylmethyl)cyclopropanol",149.084061,"C9H11NO","c1cnccc1CC2(CC2)O","InChI=1S/C9H11NO/c11-9(3-4-9)7-8-1-5-10-6-2-8/h1-2,5-6,11H,3-4,7H2","SGMRSDPRZURANC-UHFFFAOYSA-N"
40486859,"(E)-1-(2-Ethylphenyl)-N-hydroxymethanimine",149.084061,"C9H11NO","CCc1ccccc1/C=N/O","InChI=1S/C9H11NO/c1-2-8-5-3-4-6-9(8)7-10-11/h3-7,11H,2H2,1H3/b10-7+","HZYOOKBXKYIMNH-JXMROGBWSA-N"
40486864,"(E)-1-(2,3-Dimethylphenyl)-N-hydroxymethanimine",149.084061,"C9H11NO","Cc1cccc(c1C)/C=N/O","InChI=1S/C9H11NO/c1-7-4-3-5-9(6-10-11)8(7)2/h3-6,11H,1-2H3/b10-6+","RHWIVIOMXHLSHJ-UXBLZVDNSA-N"
40486865,"(E)-1-(3,5-Dimethylphenyl)-N-hydroxymethanimine",149.084061,"C9H11NO","Cc1cc(cc(c1)/C=N/O)C","InChI=1S/C9H11NO/c1-7-3-8(2)5-9(4-7)6-10-11/h3-6,11H,1-2H3/b10-6+","IZVOVGWUSRNAMC-UXBLZVDNSA-N"
40602424,"1-Cyclobutyl-1H-pyrrole-2-carbaldehyde",149.084061,"C9H11NO","c1cc(n(c1)C2CCC2)C=O","InChI=1S/C9H11NO/c11-7-9-5-2-6-10(9)8-3-1-4-8/h2,5-8H,1,3-4H2","OYGRBTJFGCTHQM-UHFFFAOYSA-N"
40667326,"1-(2-Methylcyclopropyl)-1H-pyrrole-2-carbaldehyde",149.084061,"C9H11NO","CC1CC1n2cccc2C=O","InChI=1S/C9H11NO/c1-7-5-9(7)10-4-2-3-8(10)6-11/h2-4,6-7,9H,5H2,1H3","ATYZKTZGKQBLCX-UHFFFAOYSA-N"
40801510,"N-Hydroxy-1-indanamine",149.084061,"C9H11NO","c1ccc2c(c1)CCC2NO","InChI=1S/C9H11NO/c11-10-9-6-5-7-3-1-2-4-8(7)9/h1-4,9-11H,5-6H2","UQNKNMRWWXHHFX-UHFFFAOYSA-N"
41026861,"3-Allyl-5-methoxypyridine",149.084061,"C9H11NO","COc1cc(cnc1)CC=C","InChI=1S/C9H11NO/c1-3-4-8-5-9(11-2)7-10-6-8/h3,5-7H,1,4H2,2H3","JUEAXLWOKIPNFY-UHFFFAOYSA-N"
41166422,"1-(5-Methyl-3-pyridinyl)-1-propanone",149.084061,"C9H11NO","CCC(=O)c1cc(cnc1)C","InChI=1S/C9H11NO/c1-3-9(11)8-4-7(2)5-10-6-8/h4-6H,3H2,1-2H3","ZVVXXIHURFCODN-UHFFFAOYSA-N"
41204297,"2-Methyl-5-(2-oxiranylmethyl)pyridine",149.084061,"C9H11NO","Cc1ccc(cn1)CC2CO2","InChI=1S/C9H11NO/c1-7-2-3-8(5-10-7)4-9-6-11-9/h2-3,5,9H,4,6H2,1H3","RVBPXQCXLXLTIS-UHFFFAOYSA-N"
41204344,"3-Methyl-5-(2-oxiranylmethyl)pyridine",149.084061,"C9H11NO","Cc1cc(cnc1)CC2CO2","InChI=1S/C9H11NO/c1-7-2-8(5-10-4-7)3-9-6-11-9/h2,4-5,9H,3,6H2,1H3","GXOYGUVNYNZNTE-UHFFFAOYSA-N"
41204356,"4-Methyl-3-(2-oxiranylmethyl)pyridine",149.084061,"C9H11NO","Cc1ccncc1CC2CO2","InChI=1S/C9H11NO/c1-7-2-3-10-5-8(7)4-9-6-11-9/h2-3,5,9H,4,6H2,1H3","OSYFIUDZEHUDJP-UHFFFAOYSA-N"
41672616,"N-(5-Hexyn-3-yl)-2-propynamide",149.084061,"C9H11NO","CCC(CC#C)NC(=O)C#C","InChI=1S/C9H11NO/c1-4-7-8(5-2)10-9(11)6-3/h1,3,8H,5,7H2,2H3,(H,10,11)","WHFVXGMSMJFGIR-UHFFFAOYSA-N"
41707182,"N-[(3-Methyl-2-furyl)methyl]-2-propyn-1-amine",149.084061,"C9H11NO","Cc1ccoc1CNCC#C","InChI=1S/C9H11NO/c1-3-5-10-7-9-8(2)4-6-11-9/h1,4,6,10H,5,7H2,2H3","HWYFJWJCKNIEKK-UHFFFAOYSA-N"
41836276,"1-(Cyclopropylmethyl)-2(1H)-pyridinone",149.084061,"C9H11NO","c1ccn(c(=O)c1)CC2CC2","InChI=1S/C9H11NO/c11-9-3-1-2-6-10(9)7-8-4-5-8/h1-3,6,8H,4-5,7H2","GTDHCSNMJACGGD-UHFFFAOYSA-N"
41929792,"N-Propyl-N-(2-propyn-1-yl)-2-propynamide",149.084061,"C9H11NO","CCCN(CC#C)C(=O)C#C","InChI=1S/C9H11NO/c1-4-7-10(8-5-2)9(11)6-3/h1,3H,5,7-8H2,2H3","WDKFJSJSGQEOBI-UHFFFAOYSA-N"
42081149,"N-Hydroxy-2-indanamine",149.084061,"C9H11NO","c1ccc2c(c1)CC(C2)NO","InChI=1S/C9H11NO/c11-10-9-5-7-3-1-2-4-8(7)6-9/h1-4,9-11H,5-6H2","DKTCRBLMBQLMFO-UHFFFAOYSA-N"
42337738,"N-(3-Furylmethyl)-2-butyn-1-amine",149.084061,"C9H11NO","CC#CCNCc1ccoc1","InChI=1S/C9H11NO/c1-2-3-5-10-7-9-4-6-11-8-9/h4,6,8,10H,5,7H2,1H3","PFHMNWRWQRBDTB-UHFFFAOYSA-N"
42410371,"3-(2-Butyn-1-ylamino)-2-cyclopenten-1-one",149.084061,"C9H11NO","CC#CCNC1=CC(=O)CC1","InChI=1S/C9H11NO/c1-2-3-6-10-8-4-5-9(11)7-8/h7,10H,4-6H2,1H3","XWRNGNXCANJXJH-UHFFFAOYSA-N"
42612303,"N-(3-Furylmethyl)-3-butyn-2-amine",149.084061,"C9H11NO","CC(C#C)NCc1ccoc1","InChI=1S/C9H11NO/c1-3-8(2)10-6-9-4-5-11-7-9/h1,4-5,7-8,10H,6H2,2H3","RPAGUGIQXCAVCR-UHFFFAOYSA-N"
42812737,"1-(7-Azabicyclo[2.2.1]hept-2-yl)-2-propyn-1-one",149.084061,"C9H11NO","C#CC(=O)C1CC2CCC1N2","InChI=1S/C9H11NO/c1-2-9(11)7-5-6-3-4-8(7)10-6/h1,6-8,10H,3-5H2","RZLKULDSORTMHJ-UHFFFAOYSA-N"
42897500,"N-Ethyl-3-(3-furyl)-2-propyn-1-amine",149.084061,"C9H11NO","CCNCC#Cc1ccoc1","InChI=1S/C9H11NO/c1-2-10-6-3-4-9-5-7-11-8-9/h5,7-8,10H,2,6H2,1H3","PVGOGDIUNMUAMI-UHFFFAOYSA-N"
42897502,"N-Ethyl-3-(2-furyl)-2-propyn-1-amine",149.084061,"C9H11NO","CCNCC#Cc1ccco1","InChI=1S/C9H11NO/c1-2-10-7-3-5-9-6-4-8-11-9/h4,6,8,10H,2,7H2,1H3","RVAQMYHQFOVADS-UHFFFAOYSA-N"
42959881,"2-Amino-4,6-dimethylbenzaldehyde",149.084061,"C9H11NO","Cc1cc(c(c(c1)N)C=O)C","InChI=1S/C9H11NO/c1-6-3-7(2)8(5-11)9(10)4-6/h3-5H,10H2,1-2H3","HHEJOVBESNBJKW-UHFFFAOYSA-N"
42959884,"2-Amino-5-ethylbenzaldehyde",149.084061,"C9H11NO","CCc1ccc(c(c1)C=O)N","InChI=1S/C9H11NO/c1-2-7-3-4-9(10)8(5-7)6-11/h3-6H,2,10H2,1H3","IFGFKKCPJTVQIZ-UHFFFAOYSA-N"
43045880,"3-(3-Butyn-2-ylamino)-2-cyclopenten-1-one",149.084061,"C9H11NO","CC(C#C)NC1=CC(=O)CC1","InChI=1S/C9H11NO/c1-3-7(2)10-8-4-5-9(11)6-8/h1,6-7,10H,4-5H2,2H3","ONSPNMADCFBQFL-UHFFFAOYSA-N"
43265194,"1-(2-Furyl)-4-pentyn-1-amine",149.084061,"C9H11NO","C#CCCC(c1ccco1)N","InChI=1S/C9H11NO/c1-2-3-5-8(10)9-6-4-7-11-9/h1,4,6-8H,3,5,10H2","HVLNPDNUROOFQF-UHFFFAOYSA-N"
4525409,"(6Z)-6-(1-Aminoethylidene)-2-methyl-2,4-cyclohexadien-1-one",149.084061,"C9H11NO","CC1=CC=C/C(=C(\C)/N)/C1=O","InChI=1S/C9H11NO/c1-6-4-3-5-8(7(2)10)9(6)11/h3-5H,10H2,1-2H3/b8-7-","QLBTVABYXLBPMP-FPLPWBNLSA-N"
10159464,"(4Z)-N-Hydroxy-3a,5,6,7-tetrahydro-4H-inden-4-imine",149.084061,"C9H11NO","C1CC2=CC=CC2/C(=N\O)/C1","InChI=1S/C9H11NO/c11-10-9-6-2-4-7-3-1-5-8(7)9/h1,3,5,8,11H,2,4,6H2/b10-9-","INAHXZWTUBGVRY-KTKRTIGZSA-N"
10230346,"(5S,7R)-7-Methyl-6,7-dihydro-5H-cyclopenta[c]pyridin-5-ol",149.084061,"C9H11NO","O[C@H]1C[C@@H](C)c2cnccc12","InChI=1S/C9H11NO/c1-6-4-9(11)7-2-3-10-5-8(6)7/h2-3,5-6,9,11H,4H2,1H3/t6-,9+/m1/s1","PAULFLQQVQANMT-MUWHJKNJSA-N"
10230347,"(5S,7S)-7-Methyl-6,7-dihydro-5H-cyclopenta[c]pyridin-5-ol",149.084061,"C9H11NO","O[C@H]1C[C@H](C)c2cnccc12","InChI=1S/C9H11NO/c1-6-4-9(11)7-2-3-10-5-8(6)7/h2-3,5-6,9,11H,4H2,1H3/t6-,9-/m0/s1","PAULFLQQVQANMT-RCOVLWMOSA-N"
11204716,"1-(6-Ethyl-2-pyridinyl)ethanone",149.084061,"C9H11NO","CCc1cccc(n1)C(C)=O","InChI=1S/C9H11NO/c1-3-8-5-4-6-9(10-8)7(2)11/h4-6H,3H2,1-2H3","VNJXVAZKFUDZAZ-UHFFFAOYSA-N"
13083835,"3-(3-Azetidinyl)phenol",149.084061,"C9H11NO","c1cc(cc(c1)O)C2CNC2","InChI=1S/C9H11NO/c11-9-3-1-2-7(4-9)8-5-10-6-8/h1-4,8,10-11H,5-6H2","JZMZEEYDFBNVCV-UHFFFAOYSA-N"
13319594,"3-Amino-4-indanol",149.084061,"C9H11NO","c1cc2c(c(c1)O)C(CC2)N","InChI=1S/C9H11NO/c10-7-5-4-6-2-1-3-8(11)9(6)7/h1-3,7,11H,4-5,10H2","MAYMVHAVYDCEHG-UHFFFAOYSA-N"
14413909,"2-Methyl-1,5,6,7-tetrahydro-4H-cyclopenta[b]pyridin-4-one",149.084061,"C9H11NO","Cc1cc(=O)c2c([nH]1)CCC2","InChI=1S/C9H11NO/c1-6-5-9(11)7-3-2-4-8(7)10-6/h5H,2-4H2,1H3,(H,10,11)","PVBVVJSNLGGVBL-UHFFFAOYSA-N"
21415210,"1-Methyl-1,4-dihydro-2H-3,1-benzoxazine",149.084061,"C9H11NO","CN1COCc2c1cccc2","InChI=1S/C9H11NO/c1-10-7-11-6-8-4-2-3-5-9(8)10/h2-5H,6-7H2,1H3","PATQFMWSOANJDU-UHFFFAOYSA-N"
24185199,"(2Z)-1-(3-Pyridinyl)-2-buten-1-ol",149.084061,"C9H11NO","C/C=C\C(c1cccnc1)O","InChI=1S/C9H11NO/c1-2-4-9(11)8-5-3-6-10-7-8/h2-7,9,11H,1H3/b4-2-","HSDNMCZEEUGYMT-RQOWECAXSA-N"
24189939,"1-[(2Z)-2-Buten-1-yl]-1H-pyrrole-2-carbaldehyde",149.084061,"C9H11NO","C/C=C\Cn1cccc1C=O","InChI=1S/C9H11NO/c1-2-3-6-10-7-4-5-9(10)8-11/h2-5,7-8H,6H2,1H3/b3-2-","RKCFLNOCOJOLCN-IHWYPQMZSA-N"
24189952,"(3Z)-3-[(Dimethylamino)methylene]-1,4-cyclopentadiene-1-carbaldehyde",149.084061,"C9H11NO","CN(C)/C=C\1/C=CC(=C1)C=O","InChI=1S/C9H11NO/c1-10(2)6-8-3-4-9(5-8)7-11/h3-7H,1-2H3/b8-6-","BTXPWQOMGRYMGB-VURMDHGXSA-N"
